00000000000000000100111100110111
00000000000000000011001010110111
00000000000000000100110010110111
00000000000000001000100000110111
00000000000000000000010000110111
00000000000000000000000100110111
00000000000000000100111000110111
00000000000000000000010110110111
00000000101011110010000000100011
00000001001000101010001000100011
00000001100011001010010000100011
00000000011010000010011000100011
00000001000101000010100000100011
00000000110000010010101000100011
00000000111011100010110000100011
00000001010101011010111000100011
00000001110001011010011110000011
00000001100011100010011010000011
00000001010000010010101000000011
00000001000001000010110100000011
00000000110010000010001110000011
00000000100011001010111010000011
00000000010000101010100110000011
00000000000011110010001000000011
00000010101000100001010001100011
00000011001010011001001001100011
00000011100011101001000001100011
00000000011000111001111001100011
00000001000111010001110001100011
00000000110010100001101001100011
00000000111001101001100001100011
00000001010101111001011001100011
00000101010000000000000010010011
00000000100000000000000001101111
00000100011000000000000010010011
