00000000000000000110110110110111
00000000000000000100010110110111
00000000000000000010100010110111
00000000000000000011101110110111
00000000000000000000110010110111
00000000000000000111000110110111
00000000000000000101110000110111
00000000000000000011111110110111
00000000111011011010110000100011
00000000010101011010111000100011
00000010011010001010000000100011
00000011010010111010001000100011
00000010110011001010010000100011
00000011110100011010011000100011
00000010101011000010100000100011
00000011001011111010101000100011
00000011010011111010001000000011
00000011000011000010111100000011
00000010110000011010000100000011
00000010100011001010110100000011
00000010010010111010101100000011
00000010000010001010010000000011
00000001110001011010111000000011
00000001100011011010100110000011
00000010111010011001010001100011
00000010010111100001001001100011
00000010011001000001000001100011
00000001010010110001111001100011
00000000110011010001110001100011
00000001110100010001101001100011
00000000101011110001100001100011
00000001001000100001011001100011
00000101010000000000000010010011
00000000100000000000000001101111
00000100011000000000000010010011
