00000000000000000100100110110111
00000000000000000100011110110111
00000000000000000000000100110111
00000000000000000111101100110111
00000101110010011000011000100011
00000101000101111000011000100011
00000101010000010000011000100011
00000100010110110000011000100011
00000100110010110000110110000011
00000100110000010000110100000011
00000100110001111000001100000011
00000100110010011000100000000011
00000001110010000001110001100011
00000001000100110001101001100011
00000001010011010001100001100011
00000000010111011001011001100011
00000101010000000000000010010011
00000000100000000000000001101111
00000100011000000000000010010011
