00001001100000000000010110010011
00000011010100000000011100010011
00000000101000000000101100010011
00000101010100000000110100010011
00000000001100000000001100010011
00000000111001011100010001100011
00000000111001011101111001100011
01000001101010110000111000110011
00000001101010110111101110110011
00000001110010111000101110110011
00000000011010111101101110110011
11111111011000000000011000010011
00000010110010111001001001100011
00000001101010110110111000110011
00000001101010110100101110110011
00000001110010111000101110110011
01000000011010111101101110110011
00000001011100000000011000010011
00000000110010111001011001100011
00000101010000000000000010010011
00000000100000000000000001101111
00000100011000000000000010010011
