00000000000000001000101010110111
00000000000000000010001110110111
00000000000000000000010010110111
00000000000000000010111010110111
00000000110010101010100000100011
00000001000100111010101000100011
00000001100101001010110000100011
00000001010011101010111000100011
00000001110011101010111000000011
00000001100001001010100110000011
00000001010000111010010110000011
00000001000010101010001000000011
00000000110000100001110001100011
00000001000101011001101001100011
00000001100110011001100001100011
00000001010011100001011001100011
00000101010000000000000010010011
00000000100000000000000001101111
00000100011000000000000010010011
