00000000000000000101000110110111
00000000000000000011010010110111
00000000000000000001101110110111
00000000000000000110000100110111
00000010110000011010001000100011
00000011110101001010010000100011
00000010011110111010011000100011
00000011101100010010100000100011
00000011000000010010011010000011
00000010110010111010010110000011
00000010100001001010010100000011
00000010010000011010110010000011
00000000110011001001110001100011
00000001110101010001101001100011
00000000011101011001100001100011
00000001101101101001011001100011
00000101010000000000000010010011
00000000100000000000000001101111
00000100011000000000000010010011
