00000000000000000111000110110111
00000000000000001000101000110111
00000000000000000010001100110111
00000000000000000111001000110111
00000100111000011000010000100011
00000100110110100000010000100011
00000101100000110000010000100011
00000101001000100000010000100011
00000100100000100000011000000011
00000100100000110000001110000011
00000100100010100000001010000011
00000100100000011000100110000011
00000000111010011001110001100011
00000000110100101001101001100011
00000001100000111001100001100011
00000001001001100001011001100011
00000101010000000000000010010011
00000000100000000000000001101111
00000100011000000000000010010011
