00000101101100000000001100010011
10000000000000000000000010010011
00111010110000110010100110010011
00000000000100110110010001100011
00000000000100110111111001100011
00000111001100110110100010010011
01000000011000001000111110110011
01000000001011111101111110010011
00000000000011111111111110110011
00000000000000000000110010010011
00000001100111111000111001100011
00001001011100110110100010010011
01000000011000001000111110110011
01000000010011111101111110010011
00000000000011111111111110110011
00000000000000000000110010010011
00000001100111111000001001100011
00000101010000000000000010010011
00000000100000000000000001101111
00000100011000000000000010010011
