00000110100000000000010100010011
00001000001100000000010110010011
00001011000000000000110010010011
00000000101101010110010001100011
00000000101101010111111001100011
00001011010011001000110110010011
00001001101111001111101110010011
00000001101110111000101110110011
00000000010010111101101110010011
00000001111100000000111000010011
00000011110010111001001001100011
00000100100111001110110110010011
00000011101011001100101110010011
00000001101110111000101110110011
01000000001010111101101110010011
00000110000000000000111000010011
00000001110010111001011001100011
00000101010000000000000010010011
00000000100000000000000001101111
00000100011000000000000010010011
