00000000010100000000111010010011
00000000000100000000111000010011
00000000000100000000010010010011
00000000001100000000101010010011
00000010000011101000000001100011
00000010100111101000010001100011
00000011010111101100100001100011
00000000100111100000100010110011
00000000000001001000111000010011
00000000000010001000010010010011
00000000000110101000101010010011
11111110110111111111000001101111
00000000000000000000100010010011
00000000000000000000100110010011
00000011001110001001000001100011
00000000000100000000100010010011
00000000000100000000001000010011
00000000010010001001101001100011
00000000010100000000111100010011
11111111111010001001100011100011
00000101010000000000000010010011
00000000100000000000000001101111
00000100011000000000000010010011
