00000000000000000011001110110111
00000000000000000100100010110111
00000000000000000111100100110111
00000000000000000111111110110111
00000000000000000101101010110111
00000000000000001001100110110111
00000000000000000001010010110111
00000000000000001000010110110111
00000011000000111010011000100011
00000010110010001010100000100011
00000011101110010010101000100011
00000011100111111010110000100011
00000010010010101010111000100011
00000101110010011010000000100011
00000101010001001010001000100011
00000101110101011010010000100011
00000100100001011010101110000011
00000100010001001010011010000011
00000100000010011010101100000011
00000011110010101010111100000011
00000011100011111010110000000011
00000011010010010010000100000011
00000011000010001010011110000011
00000010110000111010000110000011
00000011000000011001010001100011
00000010110001111001001001100011
00000011101100010001000001100011
00000001100111000001111001100011
00000000010011110001110001100011
00000001110010110001101001100011
00000001010001101001100001100011
00000001110110111001011001100011
00000101010000000000000010010011
00000000100000000000000001101111
00000100011000000000000010010011
