00000001111000000000001110010011
00000001110100000000000010010011
00000000000100111011001100110011
00000000000100111110010001100011
00000000000100111111111001100011
00001001110000111110011010010011
01000000011100001000011110110011
01000000000101111101011110010011
00000000000001111111011110110011
00000000000000000000101000010011
00000001010001111000111001100011
00001010110000111110011010010011
01000000011100001000011110110011
01000000001001111101011110010011
00000000000001111111011110110011
00000000000000000000101000010011
11111101010001111000101011100011
00000101010000000000000010010011
00000000100000000000000001101111
00000100011000000000000010010011
