00001011110000000000100110010011
00001100011100000000001010010011
00001100011110011011101100010011
00000000010110011110010001100011
00000000010110011111111001100011
00000111110010011110101010010011
01000001001100101000001100110011
01000000010000110101001100010011
00000000000000110111001100110011
00000000000000000000000010010011
00000000000100110000111001100011
00000000001010011110101010010011
01000001001100101000001100110011
01000000001000110101001100010011
00000000000000110111001100110011
00000000000000000000000010010011
00000000000100110000001001100011
00000101010000000000000010010011
00000000100000000000000001101111
00000100011000000000000010010011
