00000000011000000000111000010011
00000000000100000000001010010011
00000000000100000000010110010011
00000000001100000000101110010011
00000010000011100000000001100011
00000010101111100000010001100011
00000011011111100100100001100011
00000000101100101000110010110011
00000000000001011000001010010011
00000000000011001000010110010011
00000000000110111000101110010011
11111110110111111111000001101111
00000000000000000000110010010011
00000000000000000000001100010011
00000010011011001001000001100011
00000000000100000000110010010011
00000000000100000000010000010011
00000000100011001001101001100011
00000000100000000000101100010011
11111111011011001001100011100011
00000101010000000000000010010011
00000000100000000000000001101111
00000100011000000000000010010011
