00000000000000001001100010110111
00000000000000000110111100110111
00000000000000000010010100110111
00000000000000000010110110110111
00000000110010001010001000100011
00000000111111110010010000100011
00000001010101010010011000100011
00000000011011011010100000100011
00000001000011011010000110000011
00000000110001010010110000000011
00000000100011110010111010000011
00000000010010001010100100000011
00000000110010010001110001100011
00000000111111101001101001100011
00000001010111000001100001100011
00000000011000011001011001100011
00000101010000000000000010010011
00000000100000000000000001101111
00000100011000000000000010010011
