00000000100000000000111110010011
10000000000000000000011000010011
00000000001011111010110100010011
00000000110011111110010001100011
00000000110011111111111001100011
00000011011011111110011100010011
01000001111101100000000100110011
01000000000000010101000100010011
00000000000000010111000100110011
00000000000000000000110110010011
00000001101100010000111001100011
00001011101111111110011100010011
01000001111101100000000100110011
01000000010000010101000100010011
00000000000000010111000100110011
00000000000000000000110110010011
00000001101100010000001001100011
00000101010000000000000010010011
00000000100000000000000001101111
00000100011000000000000010010011
