00000000010000000000101010010011
00000000000000000000000010110011
00000000000000000000101000110011
00000011000000000000001100010011
00000000001000000000011110010011
00000001100000000000111110010011
00000010100000000000100110010011
00000010110000000000100100010011
00000010100000000000111100010011
00000011111100110000111000100011
00000101001100110000000000100011
00000101001000110000001000100011
00000101111000110000010000100011
00000000111110100001110110110011
00000000011011011000001110110011
00000011110000111100101100000011
00000001011000001000000010110011
00000000000110100000101000010011
00000001010110100000010001100011
11111110100111111111000001101111
00001001010000000000111000010011
00000000000111100001011001100011
00000101010000000000000010010011
00000000100000000000000001101111
00000100011000000000000010010011
