00001011011100000000000100010011
00000001101100000000101100010011
00001001100000000000101000010011
00000001011000010110010001100011
00000001011000010111111001100011
00001010011110100000100110010011
00001000011110100111111000010011
00000001001111100000111000110011
00000000000011100101111000010011
00011011111100000000010110010011
00000010101111100001001001100011
00001001111110100110100110010011
00001011100010100100111000010011
00000001001111100000111000110011
01000000000011100101111000010011
00001011111100000000010110010011
00000000101111100001011001100011
00000101010000000000000010010011
00000000100000000000000001101111
00000100011000000000000010010011
