00000000000000000000110100010111
00000000000000001000111000010111
00000000000000001001010010010111
00000000000000000001101110010111
00000000000000000101100100110111
00000000000000000101001000110111
00000000000000001000001100110111
00000000000000001000001110110111
00000110110011010010010000100011
00000110111111100010011000100011
00000111000101001010100000100011
00000111100110111010101000100011
00000111010010010010110000100011
00000111111100100010111000100011
00001000000100110010000000100011
00001000100000111010001000100011
00001000010000111010001010000011
00001000000000110010110110000011
00000111110000100010110000000011
00000111100010010010010110000011
00000111010010111010011010000011
00000111000001001010100110000011
00000110110011100010000100000011
00000110100011010010010100000011
00000010110001010001010001100011
00000010111100010001001001100011
00000011000110011001000001100011
00000001100101101001111001100011
00000001010001011001110001100011
00000001111111000001101001100011
00000000000111011001100001100011
00000000100000101001011001100011
00000101010000000000000010010011
00000000100000000000000001101111
00000100011000000000000010010011
