00001010000100000000011000010011
00000011010100000000010100010011
00000000101001100010001000110011
00000000101001100110010001100011
00000000101001100111111001100011
00001010111101100110100100010011
01000000110001010000111010110011
01000000000011101101111010010011
00000000000011101111111010110011
00000000000000000000000100010011
00000000001011101000111001100011
00001100001101100110100100010011
01000000110001010000111010110011
01000000010011101101111010010011
00000000000011101111111010110011
00000000000000000000000100010011
00000000001011101000001001100011
00000101010000000000000010010011
00000000100000000000000001101111
00000100011000000000000010010011
