00000000000000001000111000110111
00000000000000000010010010110111
00000000000000000000001100110111
00000000000000000000110100110111
00000000000000000000001010110111
00000000000000000010110010110111
00000000000000001001100000110111
00000000000000000110011010110111
00000001110111100010010000100011
00000000100001001010011000100011
00000001111000110010100000100011
00000000011111010010101000100011
00000000110000101010110000100011
00000001100011001010111000100011
00000010111010000010000000100011
00000011010001101010001000100011
00000010010001101010000110000011
00000010000010000010100100000011
00000001110011001010101100000011
00000001100000101010100110000011
00000001010011010010000100000011
00000001000000110010101110000011
00000000110001001010110110000011
00000000100011100010010100000011
00000011110101010001010001100011
00000010100011011001001001100011
00000011111010111001000001100011
00000000011100010001111001100011
00000000110010011001110001100011
00000001100010110001101001100011
00000000111010010001100001100011
00000001010000011001011001100011
00000101010000000000000010010011
00000000100000000000000001101111
00000100011000000000000010010011
