00000000000000000010011010010111
00000000000000000101101100010111
00000000000000000100101000010111
00000000000000000101110010010111
00000000000000000110001100110111
00000000000000000001011000110111
00000000000000001001010010110111
00000000000000000110100100110111
00000011010101101010011000100011
00000011101110110010100000100011
00000010111010100010101000100011
00000011111011001010110000100011
00000010001000110010111000100011
00000100001101100010000000100011
00000101111101001010001000100011
00000101000110010010010000100011
00000100100010010010001000000011
00000100010001001010010000000011
00000100000001100010010100000011
00000011110000110010111010000011
00000011100011001010110100000011
00000011010010100010100110000011
00000011000010110010110000000011
00000010110001101010100000000011
00000011010110000001010001100011
00000011101111000001001001100011
00000010111010011001000001100011
00000001111011010001111001100011
00000000001011101001110001100011
00000000001101010001101001100011
00000001111101000001100001100011
00000001000100100001011001100011
00000101010000000000000010010011
00000000100000000000000001101111
00000100011000000000000010010011
