00000110111100000000000010010011
00000110111000000000110100010011
00000001101000001011111000110011
00000001101000001110010001100011
00000001101000001111111001100011
00001001110100001110001110010011
01000000000111010000110010110011
01000000000111001101110010010011
00000000000011001111110010110011
00000000000000000000000100010011
00000000001011001000111001100011
00000111001000001110001110010011
01000000000111010000110010110011
01000000001011001101110010010011
00000000000011001111110010110011
00000000000000000000000100010011
11111100001011001000101011100011
00000101010000000000000010010011
00000000100000000000000001101111
00000100011000000000000010010011
