10000000000000000000101100010011
00000101101100000000100110010011
00000001001110110011011100110011
00000001001110110110010001100011
00000001001110110111111001100011
00001010110010110110001100010011
01000001011010011000101010110011
01000000000110101101101010010011
00000000000010101111101010110011
00000000000000000000010000010011
00000000100010101000111001100011
00000010011110110110001100010011
01000001011010011000101010110011
01000000000010101101101010010011
00000000000010101111101010110011
00000000000000000000010000010011
00000000100010101000001001100011
00000101010000000000000010010011
00000000100000000000000001101111
00000100011000000000000010010011
