00000101010100000000101100010011
00000111100000000000011010010011
00000000001100000000001100010011
00000000110110110110010001100011
00000000110110110111111001100011
00001100011000110000111110010011
00000111001100110111000110010011
00000001111100011000000110110011
00000000000100011101000110010011
00000110011000000000001110010011
00000010011100011001001001100011
00001010000100110110111110010011
00000001111100110100000110010011
00000001111100011000000110110011
01000000000000011101000110010011
00001011111100000000001110010011
00000000011100011001011001100011
00000101010000000000000010010011
00000000100000000000000001101111
00000100011000000000000010010011
