00000000000000000001001010110111
00000000000000001001011100110111
00000000000000000001110010110111
00000000000000001001000100110111
00000101001100101000010000100011
00000100111101110000010000100011
00000101100011001000010000100011
00000101011000010000010000100011
00000100100000010000110110000011
00000100100011001000010100000011
00000100100001110000111010000011
00000100100000101000100000000011
00000001001110000001110001100011
00000000111111101001101001100011
00000001100001010001100001100011
00000001011011011001011001100011
00000101010000000000000010010011
00000000100000000000000001101111
00000100011000000000000010010011
