00000000010000000000110110010011
00000000000100000000100010010011
00000000000100000000111010010011
00000000001100000000000110010011
00000010000011011000000001100011
00000011110111011000010001100011
00000010001111011100100001100011
00000001110110001000010110110011
00000000000011101000100010010011
00000000000001011000111010010011
00000000000100011000000110010011
11111110110111111111000001101111
00000000000000000000010110010011
00000000000000000000111100010011
00000011111001011001000001100011
00000000000100000000010110010011
00000000000100000000111110010011
00000001111101011001101001100011
00000000001100000000011000010011
11111110110001011001100011100011
00000101010000000000000010010011
00000000100000000000000001101111
00000100011000000000000010010011
