00000000000000001001110100010111
00000000000000000110111000010111
00000000000000001000001110010111
00000000000000000010001010010111
00000000000000000010110110110111
00000000000000000010001000110111
00000000000000000010011010110111
00000000000000001000100100110111
00000011000111010010110000100011
00000011111111100010111000100011
00000100000100111010000000100011
00000101100000101010001000100011
00000100001111011010010000100011
00000101000000100010011000100011
00000100001001101010100000100011
00000101011110010010101000100011
00000101010010010010101010000011
00000101000001101010101000000011
00000100110000100010011000000011
00000100100011011010101100000011
00000100010000101010001100000011
00000100000000111010100110000011
00000011110011100010110010000011
00000011100011010010011110000011
00000011000101111001010001100011
00000011111111001001001001100011
00000010000110011001000001100011
00000001100000110001111001100011
00000000001110110001110001100011
00000001000001100001101001100011
00000000001010100001100001100011
00000001011110101001011001100011
00000101010000000000000010010011
00000000100000000000000001101111
00000100011000000000000010010011
