00000011101000000000011110010011
00001000000000000000001010010011
00001000000001111011110010010011
00000000010101111110010001100011
00000000010101111111111001100011
00001001111001111110000110010011
01000000111100101000001100110011
01000000001000110101001100010011
00000000000000110111001100110011
00000000000000000000111100010011
00000001111000110000111001100011
00000100010101111110000110010011
01000000111100101000001100110011
01000000010000110101001100010011
00000000000000110111001100110011
00000000000000000000111100010011
00000001111000110000001001100011
00000101010000000000000010010011
00000000100000000000000001101111
00000100011000000000000010010011
