00000000010000000000100110010011
00000000000000000000010110110011
00000000000000000000011110110011
00000001000000000000100000010011
00000000001000000000001100010011
00000010100000000000100010010011
00000000000000000000111100010011
00000000000000000000110100010011
00000011110000000000101000010011
00000001000110000000000000100011
00000001111010000000001000100011
00000001101010000000010000100011
00000001010010000000011000100011
00000000011001111001000100110011
00000001000000010000001110110011
00000000000000111100011010000011
00000000110101011000010110110011
00000000000101111000011110010011
00000001001101111000010001100011
11111110100111111111000001101111
00000110010000000000110010010011
00000000101111001001011001100011
00000101010000000000000010010011
00000000100000000000000001101111
00000100011000000000000010010011
