00000000000000000000001100010111
00000000000000000011100100010111
00000000000000000000110010010111
00000000000000001000111110010111
00000000000000001001110110110111
00000000000000001001010100110111
00000000000000001001000100110111
00000000000000000110001000110111
00000101111000110010001000100011
00000101010010010010010000100011
00000101000111001010011000100011
00000100000111111010100000100011
00000100110111011010101000100011
00000101110101010010110000100011
00000101100000010010111000100011
00000111011100100010000000100011
00000110000000100010001110000011
00000101110000010010011000000011
00000101100001010010000110000011
00000101010011011010101010000011
00000101000011111010010010000011
00000100110011001010110100000011
00000100100010010010010110000011
00000100010000110010111000000011
00000011111011100001010001100011
00000011010001011001001001100011
00000011000111010001000001100011
00000000000101001001111001100011
00000000110110101001110001100011
00000001110100011001101001100011
00000001100001100001100001100011
00000001011100111001011001100011
00000101010000000000000010010011
00000000100000000000000001101111
00000100011000000000000010010011
