00000000001000000000111010010011
11111001111100000000000110010011
00000011001100000000110000010011
00000100010000000000101110010011
00000000010000000000001010010011
00000000001111101100010001100011
00000000001111101101111001100011
01000001011111000000100100110011
00000001011111000111110110110011
00000001001011011010110110110011
00000000010111011101110110110011
11111111111000000000111000010011
00000011110011011001001001100011
00000001011111000110100100110011
00000001011111000100110110110011
00000001001011011011110110110011
01000000010111011101110110110011
00000000111000000000111000010011
00000001110011011001011001100011
00000101010000000000000010010011
00000000100000000000000001101111
00000100011000000000000010010011
