00001000010000000000011000010011
00001000101000000000000110010011
00001011110000000000011110010011
00000000001101100110010001100011
00000000001101100111111001100011
00001100000001111000011100010011
00000001000001111111101110010011
00000000111010111000101110110011
00000000000110111101101110010011
00001100011000000000110100010011
00000011101010111001001001100011
00001100001001111110011100010011
00000011010001111100101110010011
00000000111010111000101110110011
01000000010010111101101110010011
00000001100000000000110100010011
00000001101010111001011001100011
00000101010000000000000010010011
00000000100000000000000001101111
00000100011000000000000010010011
