00000000111000000000111100010011
11111010101100000000111110010011
00000110001000000000011100010011
00000101001100000000001110010011
00000000001100000000011000010011
00000001111111110100010001100011
00000001111111110101111001100011
01000000011101110000100010110011
00000000011101110111000010110011
00000001000100001000000010110011
00000000110000001101000010110011
00000000101000000000101110010011
00000011011100001001001001100011
00000000011101110110100010110011
00000000011101110100000010110011
00000001000100001000000010110011
01000000110000001101000010110011
00000001010000000000101110010011
00000001011100001001011001100011
00000101010000000000000010010011
00000000100000000000000001101111
00000100011000000000000010010011
