00000000000000000010111010010111
00000000000000001000110100010111
00000000000000001001001000010111
00000000000000000011100010010111
00000000000000000101001010110111
00000000000000000000111100110111
00000000000000000000010010110111
00000000000000000001101110110111
00000111110011101010000000100011
00000111111111010010001000100011
00000110011000100010010000100011
00000111101110001010011000100011
00000110101000101010100000100011
00000110111111110010101000100011
00000110110001001010110000100011
00000111010110111010111000100011
00000111110010111010110010000011
00000111100001001010110000000011
00000111010011110010000110000011
00000111000000101010000100000011
00000110110010001010010000000011
00000110100000100010101100000011
00000110010011010010000010000011
00000110000011101010100110000011
00000011110010011001010001100011
00000011111100001001001001100011
00000010011010110001000001100011
00000001101101000001111001100011
00000000101000010001110001100011
00000000111100011001101001100011
00000000110011000001100001100011
00000001010111001001011001100011
00000101010000000000000010010011
00000000100000000000000001101111
00000100011000000000000010010011
