00000000010000000000001000010011
00000000000000000000100100110011
00000000000000000000011010110011
00000001000000000000100000010011
00000001010000000000010010010011
00000100110000000000000110010011
00000010010000000000100010010011
00000000110000000000111010010011
00000010100110000000011000100011
00000010001110000000100000100011
00000011000110000000101000100011
00000011110110000000110000100011
00000000001001101001001110010011
00000001000000111000000100110011
00000010110000010000010100000011
00000000101010010000100100110011
00000000000101101000011010010011
00000000010001101000010001100011
11111110100111111111000001101111
00001001000000000000111100010011
00000001001011110001011001100011
00000101010000000000000010010011
00000000100000000000000001101111
00000100011000000000000010010011
