00001001110100000000100110010011
00000000011100000000100010010011
00000011100100000000000010010011
00000001000110011110010001100011
00000001000110011111111001100011
00000010100100001000101110010011
00000000000100001111001110010011
00000001011100111000001110110011
00000000000100111101001110010011
00000011000100000000111000010011
00000011110000111001001001100011
00000000000000001110101110010011
00000010011000001100001110010011
00000001011100111000001110110011
01000000010000111101001110010011
00000000010100000000111000010011
00000001110000111001011001100011
00000101010000000000000010010011
00000000100000000000000001101111
00000100011000000000000010010011
