00001010111000000000111110010011
00000100101100000000010000010011
00000011000000000000101110010011
00001010000100000000001110010011
00000000010000000000000100010011
00000000100011111100010001100011
00000000100011111101111001100011
01000000011110111000100100110011
00000000011110111111111000110011
00001010010011100010111000010011
00000000001011100101111000110011
11111111101000000000011000010011
00000010110011100001001001100011
00000000011110111110100100110011
00000000011110111100111000110011
00000001011011100011111000010011
01000000001011100101111000110011
00000001010000000000011000010011
00000000110011100001011001100011
00000101010000000000000010010011
00000000100000000000000001101111
00000100011000000000000010010011
