00000000010000000000100110010011
00000000000000000000011100010011
00000000000000000000011000010011
00000011110000000000110010010011
00000001000000000000111110010011
00000000110000000000100100010011
00000010110000000000111010010011
00000000010000000000111000010011
00000011111111001001011000100011
00000011001011001001100000100011
00000011110111001001101000100011
00000011110011001001110000100011
00000000001001100001010100010011
00000001100101010000001110110011
00000010110000111001010000000011
00000000100001110000011100110011
00000000000101100000011000010011
00000001001101100000010001100011
11111110100111111111000001101111
00000100110000000000101100010011
00000000111010110001011001100011
00000101010000000000000010010011
00000000100000000000000001101111
00000100011000000000000010010011
