00001000000100000000001110010011
00000011100100000000001100010011
00000011111100000000000010010011
00000000011000111110010001100011
00000000011000111111111001100011
00001000110000001000111100010011
00000001100100001111101000010011
00000001111010100000101000110011
00000000001010100101101000010011
00000011100100000000011100010011
00000010111010100001001001100011
00000100001100001110111100010011
00000010101100001100101000010011
00000001111010100000101000110011
01000000000110100101101000010011
00000100100100000000011100010011
00000000111010100001011001100011
00000101010000000000000010010011
00000000100000000000000001101111
00000100011000000000000010010011
