00000000000000001000001110010111
00000000000000001000100010010111
00000000000000000100010010010111
00000000000000000101001100010111
00000000000000001000110100110111
00000000000000000101100000110111
00000000000000000000101000110111
00000000000000000011001010110111
00000010001100111010110000100011
00000011110010001010111000100011
00000101100101001010000000100011
00000101100000110010001000100011
00000100111011010010010000100011
00000100111110000010011000100011
00000101111110100010100000100011
00000100110100101010101000100011
00000101010000101010101110000011
00000101000010100010101100000011
00000100110010000010010100000011
00000100100011010010001000000011
00000100010000110010110110000011
00000100000001001010010110000011
00000011110010001010010000000011
00000011100000111010011000000011
00000010001101100001010001100011
00000011110001000001001001100011
00000011100101011001000001100011
00000001100011011001111001100011
00000000111000100001110001100011
00000000111101010001101001100011
00000001111110110001100001100011
00000000110110111001011001100011
00000101010000000000000010010011
00000000100000000000000001101111
00000100011000000000000010010011
