00000000010000000000100000010011
00000000000000000000111100010011
00000000000000000000110110010011
00000000110000000000111000010011
00000010110000000000101110010011
00000100110000000000010010010011
00000100110000000000001010010011
00000100110000000000010110010011
00000101011111100001010000100011
00000100100111100001011000100011
00000100010111100001100000100011
00000100101111100001101000100011
00000000001011011001011000010011
00000001110001100000110100110011
00000100100011010001101010000011
00000001010111110000111100110011
00000000000111011000110110010011
00000001000011011000010001100011
11111110100111111111000001101111
00010001000000000000111010010011
00000001111011101001011001100011
00000101010000000000000010010011
00000000100000000000000001101111
00000100011000000000000010010011
