00001001010100000000000010010011
10000000000000000000110010010011
00111010101000001010011110010011
00000001100100001110010001100011
00000001100100001111111001100011
00000100000000001110111010010011
01000000000111001000011010110011
01000000001001101101011010010011
00000000000001101111011010110011
00000000000000000000010110010011
00000000101101101000111001100011
00000101000100001110111010010011
01000000000111001000011010110011
01000000000101101101011010010011
00000000000001101111011010110011
00000000000000000000010110010011
00000000101101101000001001100011
00000101010000000000000010010011
00000000100000000000000001101111
00000100011000000000000010010011
