00000110011000000000111000010011
00000110010100000000100000010011
00000001000011100011110110110011
00000001000011100110010001100011
00000001000011100111111001100011
00000100000011100110110010010011
01000001110010000000000010110011
01000000001100001101000010010011
00000000000000001111000010110011
00000000000000000000101010010011
00000001010100001000111001100011
00000011000011100110110010010011
01000001110010000000000010110011
01000000001100001101000010010011
00000000000000001111000010110011
00000000000000000000101010010011
11111101010100001000101011100011
00000101010000000000000010010011
00000000100000000000000001101111
00000100011000000000000010010011
