00000000100000000000111110010011
00000000000100000000110110010011
00000000000100000000001110010011
00000000001100000000001010010011
00000010000011111000000001100011
00000010011111111000010001100011
00000010010111111100100001100011
00000000011111011000110010110011
00000000000000111000110110010011
00000000000011001000001110010011
00000000000100101000001010010011
11111110110111111111000001101111
00000000000000000000110010010011
00000000000000000000111010010011
00000011110111001001000001100011
00000000000100000000110010010011
00000000000100000000000010010011
00000000000111001001101001100011
00000001010100000000011100010011
11111110111011001001100011100011
00000101010000000000000010010011
00000000100000000000000001101111
00000100011000000000000010010011
