00000011001100000000110010010011
00000011001000000000001000010011
00000000010011001011100010110011
00000000010011001110010001100011
00000000010011001111111001100011
00000001100011001110111110010011
01000001100100100000000100110011
01000000001100010101000100010011
00000000000000010111000100110011
00000000000000000000111100010011
00000001111000010000111001100011
00001010011011001110111110010011
01000001100100100000000100110011
01000000010000010101000100010011
00000000000000010111000100110011
00000000000000000000111100010011
11111101111000010000101011100011
00000101010000000000000010010011
00000000100000000000000001101111
00000100011000000000000010010011
