00000000010100000000101100010011
00000000010000000000000010010011
00000000000110110011100100110011
00000000000110110110010001100011
00000000000110110111111001100011
00001000010110110110001110010011
01000001011000001000011110110011
01000000010001111101011110010011
00000000000001111111011110110011
00000000000000000000001000010011
00000000010001111000111001100011
00000001010110110110001110010011
01000001011000001000011110110011
01000000010001111101011110010011
00000000000001111111011110110011
00000000000000000000001000010011
11111100010001111000101011100011
00000101010000000000000010010011
00000000100000000000000001101111
00000100011000000000000010010011
