00000000010000000000101110010011
00000000000000000000110100110011
00000000000000000000111000110011
00000001000000000000001100010011
00000100110000000000010100010011
00000001010000000000011110010011
00000010000000000000100100010011
00000010000000000000001010010011
00000010101000110000010000100011
00000010111100110000011000100011
00000011001000110000100000100011
00000010010100110000101000100011
00000000001011100001011100010011
00000000011001110000011000110011
00000010100001100000101100000011
00000001011011010000110100110011
00000000000111100000111000010011
00000001011111100000010001100011
11111110100111111111000001101111
00001010000000000000101010010011
00000001101010101001011001100011
00000101010000000000000010010011
00000000100000000000000001101111
00000100011000000000000010010011
