10000000000000000000110110010011
00001011110100000000000010010011
00000000000111011011101100110011
00000000000111011110010001100011
00000000000111011111111001100011
00001011111011011110101110010011
01000001101100001000010000110011
01000000000001000101010000010011
00000000000001000111010000110011
00000000000000000000011010010011
00000000110101000000111001100011
00001001110111011110101110010011
01000001101100001000010000110011
01000000000101000101010000010011
00000000000001000111010000110011
00000000000000000000011010010011
00000000110101000000001001100011
00000101010000000000000010010011
00000000100000000000000001101111
00000100011000000000000010010011
