00000001000100000000010100010011
00000001000000000000001110010011
00000000011101010011011110110011
00000000011101010110010001100011
00000000011101010111111001100011
00000001110001010110001010010011
01000000101000111000100000110011
01000000010010000101100000010011
00000000000010000111100000110011
00000000000000000000011010010011
00000000110110000000111001100011
00001011110001010110001010010011
01000000101000111000100000110011
01000000001010000101100000010011
00000000000010000111100000110011
00000000000000000000011010010011
11111100110110000000101011100011
00000101010000000000000010010011
00000000100000000000000001101111
00000100011000000000000010010011
