00000000000000000000101110010011
00000000000100000000100000010011
00000000000100000000111100010011
00000000001100000000110000010011
00000010000010111000000001100011
00000011111010111000010001100011
00000011100010111100100001100011
00000001111010000000011100110011
00000000000011110000100000010011
00000000000001110000111100010011
00000000000111000000110000010011
11111110110111111111000001101111
00000000000000000000011100010011
00000000000000000000100010010011
00000011000101110001000001100011
00000000000100000000011100010011
00000000000100000000110110010011
00000001101101110001101001100011
00000000000000000000100100010011
11111111001001110001100011100011
00000101010000000000000010010011
00000000100000000000000001101111
00000100011000000000000010010011
