00000000010000000000001010010011
00000000000000000000001000110011
00000000000000000000101000110011
00000001010000000000101010010011
00000000001000000000000010010011
00000100110000000000011110010011
00000011100000000000010100010011
00000011000000000000010000010011
00000000010000000000100100010011
00000100111110101000011000100011
00000100101010101000100000100011
00000100100010101000101000100011
00000101001010101000110000100011
00000000000110100001101110110011
00000001010110111000110100110011
00000100110011010100110110000011
00000001101100100000001000110011
00000000000110100000101000010011
00000000010110100000010001100011
11111110100111111111000001101111
00001011100000000000000100010011
00000000010000010001011001100011
00000101010000000000000010010011
00000000100000000000000001101111
00000100011000000000000010010011
