00000000011100000000100110010011
00000000000100000000010100010011
00000000000100000000100010010011
00000000001100000000111100010011
00000010000010011000000001100011
00000011000110011000010001100011
00000011111010011100100001100011
00000001000101010000110100110011
00000000000010001000010100010011
00000000000011010000100010010011
00000000000111110000111100010011
11111110110111111111000001101111
00000000000000000000110100010011
00000000000000000000000110010011
00000010001111010001000001100011
00000000000100000000110100010011
00000000000100000000010000010011
00000000100011010001101001100011
00000000110100000000111000010011
11111111110011010001100011100011
00000101010000000000000010010011
00000000100000000000000001101111
00000100011000000000000010010011
