10000000000000000000001100010011
00001001100100000000100010010011
00000001000100110011000110110011
00000001000100110110010001100011
00000001000100110111111001100011
00001000100000110110110110010011
01000000011010001000001000110011
01000000001100100101001000010011
00000000000000100111001000110011
00000000000000000000011110010011
00000000111100100000111001100011
00001000000100110110110110010011
01000000011010001000001000110011
01000000010000100101001000010011
00000000000000100111001000110011
00000000000000000000011110010011
00000000111100100000001001100011
00000101010000000000000010010011
00000000100000000000000001101111
00000100011000000000000010010011
