00000000010000000000111100010011
00000000000000000000011110110011
00000000000000000000101010110011
00000000010000000000101000010011
00000000001000000000010100010011
00000100010000000000010110010011
00000010000000000000110110010011
00000001100000000000011000010011
00000010000000000000110000010011
00000010101110100001100000100011
00000011101110100001101000100011
00000010110010100001110000100011
00000011100010100001111000100011
00000000101010101001101100110011
00000001010010110000001000110011
00000011000000100101010000000011
00000000100001111000011110110011
00000000000110101000101010010011
00000001111010101000010001100011
11111110100111111111000001101111
00001001110000000000100010010011
00000000111110001001011001100011
00000101010000000000000010010011
00000000100000000000000001101111
00000100011000000000000010010011
