00000000010000000000010110010011
00000000000000000000010010110011
00000000000000000000100010110011
00000010110000000000111010010011
00000101100000000000110100010011
00000000110000000000110010010011
00000000110000000000101010010011
00000010100000000000111000010011
00000011101011101010011000100011
00000011100111101010100000100011
00000011010111101010101000100011
00000011110011101010110000100011
00000000001010001001010100010011
00000001110101010000101100110011
00000010110010110010010000000011
00000000100001001000010010110011
00000000000110001000100010010011
00000000101110001000010001100011
11111110100111111111000001101111
00001001100000000000000110010011
00000000100100011001011001100011
00000101010000000000000010010011
00000000100000000000000001101111
00000100011000000000000010010011
