00000010010100000000011010010011
00000110111100000000010100010011
00000110111101101011101000010011
00000000101001101110010001100011
00000000101001101111111001100011
00000100101101101110001010010011
01000000110101010000111100110011
01000000001111110101111100010011
00000000000011110111111100110011
00000000000000000000000010010011
00000000000111110000111001100011
00000101011101101110001010010011
01000000110101010000111100110011
01000000001011110101111100010011
00000000000011110111111100110011
00000000000000000000000010010011
00000000000111110000001001100011
00000101010000000000000010010011
00000000100000000000000001101111
00000100011000000000000010010011
