00000000010000000000101010010011
00000000000000000000111100110011
00000000000000000000110010110011
00000001110000000000010000010011
00000000001000000000000010010011
00000010100000000000010010010011
00000100110000000000001100010011
00000010110000000000000110010011
00000011100000000000011010010011
00000000100101000001001000100011
00000000011001000001010000100011
00000000001101000001011000100011
00000000110101000001100000100011
00000000000111001001110100110011
00000000100011010000101000110011
00000000010010100101111110000011
00000001111111110000111100110011
00000000000111001000110010010011
00000001010111001000010001100011
11111110100111111111000001101111
00001101100000000000000100010011
00000001111000010001011001100011
00000101010000000000000010010011
00000000100000000000000001101111
00000100011000000000000010010011
