00000000000000000100111010010111
00000000000000001000101100010111
00000000000000001000110000010111
00000000000000000001001000010111
00000000000000000111100010110111
00000000000000000111001010110111
00000000000000001000010100110111
00000000000000000100011010110111
00000100100111101010111000100011
00000111010010110010000000100011
00000110011011000010001000100011
00000110111000100010010000100011
00000110100010001010011000100011
00000110111100101010100000100011
00000110001101010010101000100011
00000111100101101010110000100011
00000111100001101010000010000011
00000111010001010010111110000011
00000111000000101010111100000011
00000110110010001010100100000011
00000110100000100010100000000011
00000110010011000010000100000011
00000110000010110010110100000011
00000101110011101010001110000011
00000010100100111001010001100011
00000011010011010001001001100011
00000010011000010001000001100011
00000000111010000001111001100011
00000000100010010001110001100011
00000000111111110001101001100011
00000000001111111001100001100011
00000001100100001001011001100011
00000101010000000000000010010011
00000000100000000000000001101111
00000100011000000000000010010011
