00000000010000000000100010010011
00000000000000000000010100110011
00000000000000000000111110110011
00000001000000000000110110010011
00000000001000000000111100010011
00000011000000000000000010010011
00000000100000000000101100010011
00000010110000000000101000010011
00000100100000000000101110010011
00000010000111011001100000100011
00000011011011011001101000100011
00000011010011011001110000100011
00000011011111011001111000100011
00000001111011111001111010110011
00000001101111101000011110110011
00000011000001111101110000000011
00000001100001010000010100110011
00000000000111111000111110010011
00000001000111111000010001100011
11111110100111111111000001101111
00001010110000000000001000010011
00000000101000100001011001100011
00000101010000000000000010010011
00000000100000000000000001101111
00000100011000000000000010010011
