00000000010000000000100000010011
00000000000000000000111110110011
00000000000000000000100100110011
00000000100000000000000100010011
00000000001000000000110110010011
00000000000000000000011010010011
00000001010000000000111100010011
00000010010000000000010000010011
00000010000000000000110010010011
00000010110100010001110000100011
00000011111000010001111000100011
00000100100000010001000000100011
00000101100100010001001000100011
00000001101110010001100110110011
00000000001010011000101010110011
00000011100010101101101100000011
00000001011011111000111110110011
00000000000110010000100100010011
00000001000010010000010001100011
11111110100111111111000001101111
00000101100000000000101000010011
00000001111110100001011001100011
00000101010000000000000010010011
00000000100000000000000001101111
00000100011000000000000010010011
