00000000010000000000110100010011
00000000000000000000001000110011
00000000000000000000011100110011
00000100010000000000011110010011
00000000001000000000111110010011
00000100100000000000110010010011
00000000110000000000000100010011
00000010110000000000010000010011
00000010100000000000101100010011
00000011100101111001101000100011
00000010001001111001110000100011
00000010100001111001111000100011
00000101011001111001000000100011
00000001111101110001111100110011
00000000111111110000110000110011
00000011010011000101001100000011
00000000011000100000001000110011
00000000000101110000011100010011
00000001101001110000010001100011
11111110100111111111000001101111
00001010100000000000011000010011
00000000010001100001011001100011
00000101010000000000000010010011
00000000100000000000000001101111
00000100011000000000000010010011
