00001010110100000000011110010011
00000101110100000000001110010011
00000101110101111011111100010011
00000000011101111110010001100011
00000000011101111111111001100011
00000111011001111110011100010011
01000000111100111000100010110011
01000000010010001101100010010011
00000000000010001111100010110011
00000000000000000000101000010011
00000001010010001000111001100011
00001011101101111110011100010011
01000000111100111000100010110011
01000000001110001101100010010011
00000000000010001111100010110011
00000000000000000000101000010011
00000001010010001000001001100011
00000101010000000000000010010011
00000000100000000000000001101111
00000100011000000000000010010011
