00001001110000000000010010010011
00000111110100000000011110010011
00000111110101001011101100010011
00000000111101001110010001100011
00000000111101001111111001100011
00000100001101001110001000010011
01000000100101111000001010110011
01000000000000101101001010010011
00000000000000101111001010110011
00000000000000000000011000010011
00000000110000101000111001100011
00001001101001001110001000010011
01000000100101111000001010110011
01000000001100101101001010010011
00000000000000101111001010110011
00000000000000000000011000010011
00000000110000101000001001100011
00000101010000000000000010010011
00000000100000000000000001101111
00000100011000000000000010010011
