00000001000100000000011000010011
00000000000100000000101010010011
00000000000100000000011110010011
00000000001100000000110100010011
00000010000001100000000001100011
00000010111101100000010001100011
00000011101001100100100001100011
00000000111110101000111000110011
00000000000001111000101010010011
00000000000011100000011110010011
00000000000111010000110100010011
11111110110111111111000001101111
00000000000000000000111000010011
00000000000000000000001100010011
00000010011011100001000001100011
00000000000100000000111000010011
00000000000100000000011100010011
00000000111011100001101001100011
01100011110100000000100100010011
11111111001011100001100011100011
00000101010000000000000010010011
00000000100000000000000001101111
00000100011000000000000010010011
