00000101000000000000010000010011
11111110110100000000111110010011
00000101000000000000110100010011
00000101111000000000101100010011
00000000000100000000111010010011
00000001111101000100010001100011
00000001111101000101111001100011
01000001011011010000000010110011
00000001011011010111100110110011
00000000000110011000100110110011
00000001110110011101100110110011
00000010000100000000000100010011
00000010001010011001001001100011
00000001011011010110000010110011
00000001011011010100100110110011
00000000000110011000100110110011
01000001110110011101100110110011
00000011011000000000000100010011
00000000001010011001011001100011
00000101010000000000000010010011
00000000100000000000000001101111
00000100011000000000000010010011
