00000000010000000000110000010011
00000000000000000000101110110011
00000000000000000000100110110011
00000010100000000000100010010011
00000000001000000000000110010011
00000011110000000000111100010011
00000010110000000000010110010011
00000000110000000000001010010011
00000000110000000000011100010011
00000011111010001000010000100011
00000010101110001000011000100011
00000010010110001000100000100011
00000010111010001000101000100011
00000000001110011001101000110011
00000001000110100000001000110011
00000010100000100100001110000011
00000000011110111000101110110011
00000000000110011000100110010011
00000001100010011000010001100011
11111110100111111111000001101111
00001000000000000000110110010011
00000001011111011001011001100011
00000101010000000000000010010011
00000000100000000000000001101111
00000100011000000000000010010011
