00000000000000000111000010010111
00000000000000000011011110010111
00000000000000000000110100010111
00000000000000000110111000010111
00000000000000000110010110110111
00000000000000000111111110110111
00000000000000000101101110110111
00000000000000000000010000110111
00000111001100001010001000100011
00000111010101111010010000100011
00000110001011010010011000100011
00000111000111100010100000100011
00000110010101011010101000100011
00000111100111111010110000100011
00000111000010111010111000100011
00001000111001000010000000100011
00001000000001000010111010000011
00000111110010111010111100000011
00000111100011111010011010000011
00000111010001011010010100000011
00000111000011100010000110000011
00000110110011010010101000000011
00000110100001111010010010000011
00000110010000001010001000000011
00000011001100100001010001100011
00000011010101001001001001100011
00000010001010100001000001100011
00000001000100011001111001100011
00000000010101010001110001100011
00000001100101101001101001100011
00000001000011110001100001100011
00000000111011101001011001100011
00000101010000000000000010010011
00000000100000000000000001101111
00000100011000000000000010010011
