00000000000000000011011000110111
00000000000000000111110110110111
00000000000000000010110100110111
00000000000000001000011100110111
00000000101001100010101000100011
00000000010111011010110000100011
00000000100011010010111000100011
00000011001001110010000000100011
00000010000001110010101110000011
00000001110011010010001000000011
00000001100011011010100010000011
00000001010001100010101010000011
00000000101010101001110001100011
00000000010110001001101001100011
00000000100000100001100001100011
00000001001010111001011001100011
00000101010000000000000010010011
00000000100000000000000001101111
00000100011000000000000010010011
