00000000010000000000001010010011
00000000000000000000010010110011
00000000000000000000111010110011
00000010010000000000000110010011
00000000001000000000111100010011
00000000110000000000101100010011
00000000110000000000111110010011
00000000010000000000100010010011
00000100100000000000101000010011
00000001011000011001100000100011
00000001111100011001101000100011
00000001000100011001110000100011
00000001010000011001111000100011
00000001111011101001001110110011
00000000001100111000000100110011
00000001000000010101001000000011
00000000010001001000010010110011
00000000000111101000111010010011
00000000010111101000010001100011
11111110100111111111000001101111
00000110010000000000001100010011
00000000100100110001011001100011
00000101010000000000000010010011
00000000100000000000000001101111
00000100011000000000000010010011
