00001000001100000000011100010011
00000010000000000000010010010011
00000000001100000000101100010011
00001000111000000000101110010011
00000000010000000000010100010011
00000000100101110100010001100011
00000000100101110101111001100011
01000001011110110000100010110011
00000001011110110111111010110011
00000001000111101000111010110011
00000000101011101101111010110011
11111111011100000000000010010011
00000010000111101001001001100011
00000001011110110110100010110011
00000001011110110100111010110011
00000001000111101000111010110011
01000000101011101101111010110011
00000001000100000000000010010011
00000000000111101001011001100011
00000101010000000000000010010011
00000000100000000000000001101111
00000100011000000000000010010011
