00000000000000001001101110010111
00000000000000000001001100010111
00000000000000001000001000010111
00000000000000000011100010010111
00000000000000000101001010110111
00000000000000000100111100110111
00000000000000000001010000110111
00000000000000000010000010110111
00000100001010111010011000100011
00000101110100110010100000100011
00000100110000100010101000100011
00000100100110001010110000100011
00000101100000101010111000100011
00000110011111110010000000100011
00000110101001000010001000100011
00000111001000001010010000100011
00000110100000001010011110000011
00000110010001000010110010000011
00000110000011110010101100000011
00000101110000101010110100000011
00000101100010001010110110000011
00000101010000100010010110000011
00000101000000110010011010000011
00000100110010111010101010000011
00000010001010101001010001100011
00000011110101101001001001100011
00000010110001011001000001100011
00000000100111011001111001100011
00000001100011010001110001100011
00000000011110110001101001100011
00000000101011001001100001100011
00000001001001111001011001100011
00000101010000000000000010010011
00000000100000000000000001101111
00000100011000000000000010010011
