00000000010000000000011100010011
00000000000000000000111100110011
00000000000000000000101110110011
00000010110000000000100010010011
00000000001000000000000010010011
00000001100000000000001010010011
00000011110000000000010010010011
00000011010000000000100100010011
00000011010000000000011110010011
00000100010110001000010000100011
00000100100110001000011000100011
00000101001010001000100000100011
00000100111110001000101000100011
00000000000110111001000110110011
00000001000100011000001100110011
00000100100000110100100000000011
00000001000011110000111100110011
00000000000110111000101110010011
00000000111010111000010001100011
11111110100111111111000001101111
00001011110000000000100110010011
00000001111010011001011001100011
00000101010000000000000010010011
00000000100000000000000001101111
00000100011000000000000010010011
