00000000010000000000101110010011
00000000000000000000100010010011
00000000000000000000101010010011
00000001110000000000111010010011
00000000110000000000110110010011
00000001000000000000111000010011
00000011000000000000001000010011
00000011110000000000001100010011
00000001101111101001010000100011
00000001110011101001011000100011
00000000010011101001100000100011
00000000011011101001101000100011
00000000001010101001101000010011
00000001110110100000100100110011
00000000100010010001110000000011
00000001100010001000100010110011
00000000000110101000101010010011
00000001011110101000010001100011
11111110100111111111000001101111
00001000100000000000110100010011
00000001000111010001011001100011
00000101010000000000000010010011
00000000100000000000000001101111
00000100011000000000000010010011
