00001001000000000000000110010011
00000010110100000000111000010011
00000101101000000000101000010011
00000011000100000000010000010011
00000000000100000000100100010011
00000001110000011100010001100011
00000001110000011101111001100011
01000000100010100000100010110011
00000000100010100111110010110011
00000001000111001010110010110011
00000001001011001101110010110011
00000001110000000000011000010011
00000010110011001001001001100011
00000000100010100110100010110011
00000000100010100100110010110011
00000001000111001011110010110011
01000001001011001101110010110011
00000111001100000000011000010011
00000000110011001001011001100011
00000101010000000000000010010011
00000000100000000000000001101111
00000100011000000000000010010011
