00000000000000000110111010110111
00000000000000000000010000110111
00000000000000000100011110110111
00000000000000000001110110110111
00000000000000000001111110110111
00000000000000001000111100110111
00000000000000000101110000110111
00000000000000000111111000110111
00000101001111101010010000100011
00000100010101000010011000100011
00000100101101111010100000100011
00000100011011011010101000100011
00000101001011111010110000100011
00000100101011110010111000100011
00000111000111000010000000100011
00000110100111100010001000100011
00000110010011100010110100000011
00000110000011000010101000000011
00000101110011110010110010000011
00000101100011111010001110000011
00000101010011011010000110000011
00000101000001111010100000000011
00000100110001000010011100000011
00000100100011101010011000000011
00000011001101100001010001100011
00000010010101110001001001100011
00000010101110000001000001100011
00000000011000011001111001100011
00000001001000111001110001100011
00000000101011001001101001100011
00000001000110100001100001100011
00000000100111010001011001100011
00000101010000000000000010010011
00000000100000000000000001101111
00000100011000000000000010010011
