00000110111000000000100000010011
10000000000000000000101110010011
00001111110010000010010110010011
00000001011110000110010001100011
00000001011110000111111001100011
00001001001110000110010000010011
01000001000010111000000010110011
01000000001000001101000010010011
00000000000000001111000010110011
00000000000000000000001110010011
00000000011100001000111001100011
00000100010010000110010000010011
01000001000010111000000010110011
01000000010000001101000010010011
00000000000000001111000010110011
00000000000000000000001110010011
00000000011100001000001001100011
00000101010000000000000010010011
00000000100000000000000001101111
00000100011000000000000010010011
