00000000000000000010000010010111
00000000000000000111010100010111
00000000000000000110001010010111
00000000000000001001000100010111
00000000000000001000110100110111
00000000000000001000100010110111
00000000000000000110011110110111
00000000000000000111110000110111
00000000100000001010100000100011
00000000110001010010101000100011
00000001010000101010110000100011
00000001000000010010111000100011
00000011111111010010000000100011
00000011010110001010001000100011
00000011011001111010010000100011
00000011001011000010011000100011
00000010110011000010011100000011
00000010100001111010110110000011
00000010010010001010010010000011
00000010000011010010011010000011
00000001110000010010010110000011
00000001100000101010110010000011
00000001010001010010001100000011
00000001000000001010101110000011
00000010100010111001010001100011
00000010110000110001001001100011
00000011010011001001000001100011
00000001000001011001111001100011
00000001111101101001110001100011
00000001010101001001101001100011
00000001011011011001100001100011
00000001001001110001011001100011
00000101010000000000000010010011
00000000100000000000000001101111
00000100011000000000000010010011
