00000000010000000000101010010011
00000000000000000000001010110011
00000000000000000000111110110011
00000011000000000000100110010011
00000000001000000000011000010011
00000100000000000000001000010011
00000100010000000000011110010011
00000010110000000000010110010011
00000000010000000000101100010011
00000000010010011000011000100011
00000000111110011000100000100011
00000000101110011000101000100011
00000001011010011000110000100011
00000000110011111001000010110011
00000001001100001000110110110011
00000000110011011100110000000011
00000001100000101000001010110011
00000000000111111000111110010011
00000001010111111000010001100011
11111110100111111111000001101111
00001011010000000000101110010011
00000000010110111001011001100011
00000101010000000000000010010011
00000000100000000000000001101111
00000100011000000000000010010011
