00000000000000000000111000010111
00000000000000000001001100010111
00000000000000000111101110010111
00000000000000000011000100010111
00000000000000001001100000110111
00000000000000000110001000110111
00000000000000001001110000110111
00000000000000000101000010110111
00000100100011100010110000100011
00000101010100110010111000100011
00000111010010111010000000100011
00000110100100010010001000100011
00000110111010000010010000100011
00000111001000100010011000100011
00000111101011000010100000100011
00000110110100001010101000100011
00000111010000001010001010000011
00000111000011000010101100000011
00000110110000100010010100000011
00000110100010000010111110000011
00000110010000010010011000000011
00000110000010111010100010000011
00000101110000110010010110000011
00000101100011100010000110000011
00000010100000011001010001100011
00000011010101011001001001100011
00000011010010001001000001100011
00000000100101100001111001100011
00000000111011111001110001100011
00000001001001010001101001100011
00000001101010110001100001100011
00000000110100101001011001100011
00000101010000000000000010010011
00000000100000000000000001101111
00000100011000000000000010010011
