00000000010000000000110100010011
00000000000000000000011100110011
00000000000000000000001110110011
00000001000000000000010010010011
00000000001000000000101010010011
00000010010000000000111000010011
00000100100000000000010100010011
00000011100000000000110000010011
00000000000000000000100100010011
00000011110001001000100000100011
00000010101001001000101000100011
00000011100001001000110000100011
00000011001001001000111000100011
00000001010100111001110110110011
00000000100111011000111110110011
00000011000011111100100010000011
00000001000101110000011100110011
00000000000100111000001110010011
00000001101000111000010001100011
11111110100111111111000001101111
00001010010000000000010110010011
00000000111001011001011001100011
00000101010000000000000010010011
00000000100000000000000001101111
00000100011000000000000010010011
