00000110101100000000001000010011
10000000000000000000100100010011
00111000101100100010011000010011
00000001001000100110010001100011
00000001001000100111111001100011
00000010010000100110110110010011
01000000010010010000000010110011
01000000001000001101000010010011
00000000000000001111000010110011
00000000000000000000010100010011
00000000101000001000111001100011
00000001110000100110110110010011
01000000010010010000000010110011
01000000000100001101000010010011
00000000000000001111000010110011
00000000000000000000010100010011
00000000101000001000001001100011
00000101010000000000000010010011
00000000100000000000000001101111
00000100011000000000000010010011
