00000000110100000000110100010011
00000000110000000000001100010011
00000000011011010011011010110011
00000000011011010110010001100011
00000000011011010111111001100011
00000101010011010110010110010011
01000001101000110000110010110011
01000000001111001101110010010011
00000000000011001111110010110011
00000000000000000000101010010011
00000001010111001000111001100011
00001010111111010110010110010011
01000001101000110000110010110011
01000000001111001101110010010011
00000000000011001111110010110011
00000000000000000000101010010011
11111101010111001000101011100011
00000101010000000000000010010011
00000000100000000000000001101111
00000100011000000000000010010011
