00000000010000000000010000010011
00000000000000000000010010110011
00000000000000000000111000110011
00000001000000000000100010010011
00000000001000000000110110010011
00000001110000000000001100010011
00000010110000000000101000010011
00000000110000000000110100010011
00000010010000000000100000010011
00000000011010001000011000100011
00000001010010001000100000100011
00000001101010001000101000100011
00000001000010001000110000100011
00000001101111100001000010110011
00000001000100001000110000110011
00000000110011000100101010000011
00000001010101001000010010110011
00000000000111100000111000010011
00000000100011100000010001100011
11111110100111111111000001101111
00000111100000000000111100010011
00000000100111110001011001100011
00000101010000000000000010010011
00000000100000000000000001101111
00000100011000000000000010010011
