00000011100000000000110110010011
00000100000100000000101100010011
00000001011011011010011000110011
00000001011011011110010001100011
00000001011011011111111001100011
00000111010011011110111010010011
01000001101110110000111100110011
01000000001111110101111100010011
00000000000011110111111100110011
00000000000000000000110010010011
00000001100111110000111001100011
00001011111011011110111010010011
01000001101110110000111100110011
01000000001011110101111100010011
00000000000011110111111100110011
00000000000000000000110010010011
00000001100111110000001001100011
00000101010000000000000010010011
00000000100000000000000001101111
00000100011000000000000010010011
