00000000000000000100100010110111
00000000000000001000011000110111
00000000000000000101111000110111
00000000000000000011010000110111
00000000000000000111110010110111
00000000000000001001101010110111
00000000000000001000111110110111
00000000000000001001011100110111
00000001110110001010001000100011
00000000010101100010010000100011
00000000011111100010011000100011
00000001101101000010100000100011
00000000100111001010101000100011
00000001100010101010110000100011
00000000110111111010111000100011
00000010001001110010000000100011
00000010000001110010100000000011
00000001110011111010100110000011
00000001100010101010101110000011
00000001010011001010101000000011
00000001000001000010010110000011
00000000110011100010100100000011
00000000100001100010111100000011
00000000010010001010011110000011
00000011110101111001010001100011
00000010010111110001001001100011
00000010011110010001000001100011
00000001101101011001111001100011
00000000100110100001110001100011
00000001100010111001101001100011
00000000110110011001100001100011
00000000001010000001011001100011
00000101010000000000000010010011
00000000100000000000000001101111
00000100011000000000000010010011
