00000000000000000111001100010111
00000000000000000100010000010111
00000000000000000001111000010111
00000000000000000010101110010111
00000000000000000000010010110111
00000000000000000000100110110111
00000000000000000010101010110111
00000000000000000010111010110111
00000010110000110010111000100011
00000100110101000010000000100011
00000101100111100010001000100011
00000101010010111010010000100011
00000100111101001010011000100011
00000100000110011010100000100011
00000101111110101010101000100011
00000101011011101010110000100011
00000101100011101010111100000011
00000101010010101010001110000011
00000101000010011010110110000011
00000100110001001010100010000011
00000100100010111010100000000011
00000100010011100010000110000011
00000100000001000010100100000011
00000011110000110010001000000011
00000010110000100001010001100011
00000010110110010001001001100011
00000011100100011001000001100011
00000001010010000001111001100011
00000000111110001001110001100011
00000000000111011001101001100011
00000001111100111001100001100011
00000001011011110001011001100011
00000101010000000000000010010011
00000000100000000000000001101111
00000100011000000000000010010011
