00000111101000000000010010010011
00001100000100000000001110010011
00001100000101001011111010010011
00000000011101001110010001100011
00000000011101001111111001100011
00001011111101001110101100010011
01000000100100111000011100110011
01000000000101110101011100010011
00000000000001110111011100110011
00000000000000000000000110010011
00000000001101110000111001100011
00001100001101001110101100010011
01000000100100111000011100110011
01000000000001110101011100010011
00000000000001110111011100110011
00000000000000000000000110010011
00000000001101110000001001100011
00000101010000000000000010010011
00000000100000000000000001101111
00000100011000000000000010010011
