00000000010000000000110010010011
00000000000000000000000100010011
00000000000000000000101110010011
00000011110000000000101100010011
00000000010000000000111000010011
00000010100000000000001100010011
00000011010000000000111010010011
00000010110000000000011010010011
00000011110010110001010000100011
00000010011010110001011000100011
00000011110110110001100000100011
00000010110110110001101000100011
00000000001010111001001000010011
00000001011000100000011100110011
00000010100001110001011000000011
00000000110000010000000100110011
00000000000110111000101110010011
00000001100110111000010001100011
11111110100111111111000001101111
00001000110000000000111110010011
00000000001011111001011001100011
00000101010000000000000010010011
00000000100000000000000001101111
00000100011000000000000010010011
