00000000000000001000101010110111
00000000000000001001011000110111
00000000000000000001110110110111
00000000000000000100010100110111
00000100001010101010111000100011
00000111000101100010000000100011
00000110011011011010001000100011
00000111100101010010010000100011
00000110100001010010111110000011
00000110010011011010110100000011
00000110000001100010010110000011
00000101110010101010111100000011
00000000001011110001110001100011
00000001000101011001101001100011
00000000011011010001100001100011
00000001100111111001011001100011
00000101010000000000000010010011
00000000100000000000000001101111
00000100011000000000000010010011
