00000011010100000000100000010011
10000000000000000000000100010011
00100111001010000010010100010011
00000000001010000110010001100011
00000000001010000111111001100011
00001000110010000110100100010011
01000001000000010000111010110011
01000000000111101101111010010011
00000000000011101111111010110011
00000000000000000000100110010011
00000001001111101000111001100011
00001100000110000110100100010011
01000001000000010000111010110011
01000000000111101101111010010011
00000000000011101111111010110011
00000000000000000000100110010011
00000001001111101000001001100011
00000101010000000000000010010011
00000000100000000000000001101111
00000100011000000000000010010011
