00000000000000000001111100010111
00000000000000000100010000010111
00000000000000000010011000010111
00000000000000001000110110010111
00000000000000000101101110110111
00000000000000000000101010110111
00000000000000000110110010110111
00000000000000000001100010110111
00000010000111110010010000100011
00000010010101000010011000100011
00000011001001100010100000100011
00000011011011011010101000100011
00000011111110111010110000100011
00000010100110101010111000100011
00000101100011001010000000100011
00000101101010001010001000100011
00000100010010001010101000000011
00000100000011001010000100000011
00000011110010101010100000000011
00000011100010111010001110000011
00000011010011011010000110000011
00000011000001100010010100000011
00000010110001000010001100000011
00000010100011110010111010000011
00000010000111101001010001100011
00000010010100110001001001100011
00000011001001010001000001100011
00000001011000011001111001100011
00000001111100111001110001100011
00000000100110000001101001100011
00000001100000010001100001100011
00000001101010100001011001100011
00000101010000000000000010010011
00000000100000000000000001101111
00000100011000000000000010010011
