00000000010000000000010010010011
00000000000000000000110010010011
00000000000000000000101010010011
00000001100000000000001010010011
00000001010000000000011000010011
00000100100000000000001110010011
00000010110000000000010100010011
00000001110000000000111000010011
00000010110000101001001000100011
00000010011100101001010000100011
00000010101000101001011000100011
00000011110000101001100000100011
00000000001010101001110000010011
00000000010111000000111110110011
00000010010011111001001100000011
00000000011011001000110010110011
00000000000110101000101010010011
00000000100110101000010001100011
11111110100111111111000001101111
00001010010000000000001000010011
00000001100100100001011001100011
00000101010000000000000010010011
00000000100000000000000001101111
00000100011000000000000010010011
