00000000010000000000100010010011
00000000000000000000001010110011
00000000000000000000011110110011
00000100010000000000100110010011
00000000001000000000000100010011
00000010110000000000000110010011
00000100010000000000001000010011
00000010010000000000011100010011
00000001110000000000100100010011
00000100001110011001001000100011
00000100010010011001010000100011
00000100111010011001011000100011
00000101001010011001100000100011
00000000001001111001001110110011
00000001001100111000010010110011
00000100010001001101110000000011
00000001100000101000001010110011
00000000000101111000011110010011
00000001000101111000010001100011
11111110100111111111000001101111
00001011000000000000011000010011
00000000010101100001011001100011
00000101010000000000000010010011
00000000100000000000000001101111
00000100011000000000000010010011
