00000000000000000011010010010111
00000000000000000111001000010111
00000000000000001001101100010111
00000000000000000011011000010111
00000000000000001000101000110111
00000000000000000011001100110111
00000000000000000011010000110111
00000000000000000101011100110111
00000111110001001010010000100011
00000110110100100010011000100011
00000111101110110010100000100011
00000111001101100010101000100011
00000111001010100010110000100011
00000111011100110010111000100011
00001001111101000010000000100011
00001001100001110010001000100011
00001000010001110010111100000011
00001000000001000010101010000011
00000111110000110010001110000011
00000111100010100010100010000011
00000111010001100010001010000011
00000111000010110010100000000011
00000110110000100010111010000011
00000110100001001010000100000011
00000011110000010001010001100011
00000010110111101001001001100011
00000011101110000001000001100011
00000001001100101001111001100011
00000001001010001001110001100011
00000001011100111001101001100011
00000001111110101001100001100011
00000001100011110001011001100011
00000101010000000000000010010011
00000000100000000000000001101111
00000100011000000000000010010011
