00000010001100000000110110010011
10000000000000000000011010010011
00101011001111011010001010010011
00000000110111011110010001100011
00000000110111011111111001100011
00000000111011011110001000010011
01000001101101101000101100110011
01000000001010110101101100010011
00000000000010110111101100110011
00000000000000000000000010010011
00000000000110110000111001100011
00001001010111011110001000010011
01000001101101101000101100110011
01000000000010110101101100010011
00000000000010110111101100110011
00000000000000000000000010010011
00000000000110110000001001100011
00000101010000000000000010010011
00000000100000000000000001101111
00000100011000000000000010010011
