00000101010000000000000100010011
00000001011000000000100000010011
00000111011000000000101000010011
00000001000000010110010001100011
00000001000000010111111001100011
00001100010010100000000110010011
00000101111010100111111000010011
00000000001111100000111000110011
00000000000011100101111000010011
00011001000000000000100010010011
00000011000111100001001001100011
00000111100110100110000110010011
00001100001010100100111000010011
00000000001111100000111000110011
01000000010011100101111000010011
00000001001100000000100010010011
00000001000111100001011001100011
00000101010000000000000010010011
00000000100000000000000001101111
00000100011000000000000010010011
