00000000111000000000011000010011
00000011011000000000000010010011
00001001010100000000110010010011
00000000000101100110010001100011
00000000000101100111111001100011
00000101010111001000111110010011
00000110101011001111100000010011
00000001111110000000100000110011
00000000000010000101100000010011
00001110101000000000000100010011
00000010001010000001001001100011
00000000011011001110111110010011
00001011000111001100100000010011
00000001111110000000100000110011
01000000010010000101100000010011
00000000101100000000000100010011
00000000001010000001011001100011
00000101010000000000000010010011
00000000100000000000000001101111
00000100011000000000000010010011
