00000000000000000110111100010111
00000000000000000001001010010111
00000000000000000110110100010111
00000000000000000101001100010111
00000000000000000111110110110111
00000000000000000011110000110111
00000000000000000111000010110111
00000000000000000110010000110111
00000111111111110010101000100011
00000111001000101010110000100011
00000110110111010010111000100011
00001000101000110010000000100011
00001001011011011010001000100011
00001000001111000010010000100011
00001000011100001010011000100011
00001001000001000010100000100011
00001001000001000010100110000011
00001000110000001010110010000011
00001000100011000010111010000011
00001000010011011010111000000011
00001000000000110010101000000011
00000111110011010010001000000011
00000111100000101010100010000011
00000111010011110010101110000011
00000011111110111001010001100011
00000011001010001001001001100011
00000010110100100001000001100011
00000000101010100001111001100011
00000001011011100001110001100011
00000000001111101001101001100011
00000000011111001001100001100011
00000001000010011001011001100011
00000101010000000000000010010011
00000000100000000000000001101111
00000100011000000000000010010011
