00000000010000000000111010010011
00000000000000000000011000110011
00000000000000000000100010110011
00000010000000000000101000010011
00000010000000000000100100010011
00000011110000000000001100010011
00000001100000000000111110010011
00000001000000000000000100010011
00000101001010100000001000100011
00000100011010100000010000100011
00000101111110100000011000100011
00000100001010100000100000100011
00000000001010001001111100010011
00000001010011110000010000110011
00000100010001000000010100000011
00000000101001100000011000110011
00000000000110001000100010010011
00000001110110001000010001100011
11111110100111111111000001101111
00001000010000000000001110010011
00000000110000111001011001100011
00000101010000000000000010010011
00000000100000000000000001101111
00000100011000000000000010010011
