00000000000000000100010100010111
00000000000000000001001100010111
00000000000000000010110000010111
00000000000000000000010000010111
00000000000000000110011110110111
00000000000000000010011010110111
00000000000000000010101000110111
00000000000000000010100110110111
00000000000101010010001000100011
00000000001100110010010000100011
00000000100111000010011000100011
00000000001001000010100000100011
00000000101101111010101000100011
00000001110001101010110000100011
00000001111110100010111000100011
00000011010110011010000000100011
00000010000010011010110010000011
00000001110010100010110100000011
00000001100001101010111010000011
00000001010001111010110110000011
00000001000001000010011100000011
00000000110011000010001010000011
00000000100000110010001110000011
00000000010001010010011000000011
00000010000101100001010001100011
00000010001100111001001001100011
00000010100100101001000001100011
00000000001001110001111001100011
00000000101111011001110001100011
00000001110011101001101001100011
00000001111111010001100001100011
00000001010111001001011001100011
00000101010000000000000010010011
00000000100000000000000001101111
00000100011000000000000010010011
