00001001010100000000011010010011
00000011001000000000111110010011
00000111011100000000010010010011
00001011111000000000110000010011
00000000001100000000101010010011
00000001111101101100010001100011
00000001111101101101111001100011
01000001100001001000100110110011
00000001100001001111110100110011
00000001001111010000110100110011
00000001010111010101110100110011
11111111110100000000100010010011
00000011000111010001001001100011
00000001100001001110100110110011
00000001100001001100110100110011
00000001001111010000110100110011
01000001010111010101110100110011
00000011100100000000100010010011
00000001000111010001011001100011
00000101010000000000000010010011
00000000100000000000000001101111
00000100011000000000000010010011
