00000000000000000100011010010111
00000000000000000000111100010111
00000000000000000100000100010111
00000000000000000111010100010111
00000000000000000101010110110111
00000000000000000011001110110111
00000000000000000011100000110111
00000000000000000111110000110111
00000011001101101010010000100011
00000010001111110010011000100011
00000010010100010010100000100011
00000010011001010010101000100011
00000011100101011010110000100011
00000010111100111010111000100011
00000101110110000010000000100011
00000100000111000010001000100011
00000100010011000010101110000011
00000100000010000010011100000011
00000011110000111010100010000011
00000011100001011010011000000011
00000011010001010010110100000011
00000011000000010010101010000011
00000010110011110010100100000011
00000010100001101010010010000011
00000011001101001001010001100011
00000010001110010001001001100011
00000010010110101001000001100011
00000000011011010001111001100011
00000001100101100001110001100011
00000000111110001001101001100011
00000001110101110001100001100011
00000000000110111001011001100011
00000101010000000000000010010011
00000000100000000000000001101111
00000100011000000000000010010011
