00000000010000000000000110010011
00000000000000000000000010110011
00000000000000000000010110110011
00000000000000000000011010010011
00000000001000000000110000010011
00000000010000000000001000010011
00000010100000000000110110010011
00000100100000000000111010010011
00000000100000000000101000010011
00000000010001101001000000100011
00000001101101101001001000100011
00000001110101101001010000100011
00000001010001101001011000100011
00000001100001011001010010110011
00000000110101001000100100110011
00000000000010010101101110000011
00000001011100001000000010110011
00000000000101011000010110010011
00000000001101011000010001100011
11111110100111111111000001101111
00000111110000000000111110010011
00000000000111111001011001100011
00000101010000000000000010010011
00000000100000000000000001101111
00000100011000000000000010010011
