00000000010000000000100110010011
00000000000000000000010010110011
00000000000000000000111110110011
00000100010000000000000100010011
00000000001000000000110000010011
00000100000000000000001110010011
00000000000000000000111010010011
00000100000000000000011010010011
00000011000000000000101010010011
00000000011100010000000000100011
00000001110100010000001000100011
00000000110100010000010000100011
00000001010100010000011000100011
00000001100011111001101000110011
00000000001010100000100010110011
00000000000010001100011000000011
00000000110001001000010010110011
00000000000111111000111110010011
00000001001111111000010001100011
11111110100111111111000001101111
00001011000000000000011100010011
00000000100101110001011001100011
00000101010000000000000010010011
00000000100000000000000001101111
00000100011000000000000010010011
