00000000010000000000110000010011
00000000000000000000000110010011
00000000000000000000101110010011
00000000100000000000101000010011
00000011010000000000011000010011
00000010100000000000111000010011
00000000110000000000100000010011
00000000100000000000010000010011
00000000110010100001101000100011
00000001110010100001110000100011
00000001000010100001111000100011
00000010100010100001000000100011
00000000001010111001001010010011
00000001010000101000101010110011
00000001010010101001100010000011
00000001000100011000000110110011
00000000000110111000101110010011
00000001100010111000010001100011
11111110100111111111000001101111
00000111000000000000101100010011
00000000001110110001011001100011
00000101010000000000000010010011
00000000100000000000000001101111
00000100011000000000000010010011
