00001010100000000000011010010011
00000011001000000000010110010011
00000000101101101010101010110011
00000000101101101110010001100011
00000000101101101111111001100011
00000000001101101110111010010011
01000000110101011000000110110011
01000000001100011101000110010011
00000000000000011111000110110011
00000000000000000000001000010011
00000000010000011000111001100011
00000100001001101110111010010011
01000000110101011000000110110011
01000000000100011101000110010011
00000000000000011111000110110011
00000000000000000000001000010011
00000000010000011000001001100011
00000101010000000000000010010011
00000000100000000000000001101111
00000100011000000000000010010011
