00001010100000000000011010010011
00000000011000000000011100010011
00000000111001101010111000110011
00000000111001101110010001100011
00000000111001101111111001100011
00000110101101101110000010010011
01000000110101110000101000110011
01000000001010100101101000010011
00000000000010100111101000110011
00000000000000000000000110010011
00000000001110100000111001100011
00001000011001101110000010010011
01000000110101110000101000110011
01000000001110100101101000010011
00000000000010100111101000110011
00000000000000000000000110010011
00000000001110100000001001100011
00000101010000000000000010010011
00000000100000000000000001101111
00000100011000000000000010010011
