00000000010000000000010000010011
00000000000000000000000100110011
00000000000000000000100100110011
00000001110000000000101010010011
00000001100000000000110110010011
00000100110000000000111110010011
00000000110000000000101110010011
00000001110000000000001000010011
00000001101110101000000000100011
00000001111110101000001000100011
00000001011110101000010000100011
00000000010010101000011000100011
00000000001010010001110010010011
00000001010111001000000110110011
00000000000000011000111010000011
00000001110100010000000100110011
00000000000110010000100100010011
00000000100010010000010001100011
11111110100111111111000001101111
00001000110000000000011010010011
00000000001001101001011001100011
00000101010000000000000010010011
00000000100000000000000001101111
00000100011000000000000010010011
