00001000100000000000001110010011
00001000000000000000011100010011
00000011110000000000101010010011
00000000111000111110010001100011
00000000111000111111111001100011
00000111110110101000100000010011
00000000100010101111000100010011
00000001000000010000000100110011
00000000010000010101000100010011
00000000110000000000010010010011
00000010100100010001001001100011
00000010110010101110100000010011
00001011101110101100000100010011
00000001000000010000000100110011
01000000010000010101000100010011
00000000110000000000010010010011
00000000100100010001011001100011
00000101010000000000000010010011
00000000100000000000000001101111
00000100011000000000000010010011
