00000000000000001001100110010111
00000000000000000011001000010111
00000000000000001001010010010111
00000000000000001000101110010111
00000000000000000110111010110111
00000000000000000110101100110111
00000000000000001001111110110111
00000000000000000000100100110111
00000101010110011010111000100011
00000111100000100010000000100011
00000110010101001010001000100011
00000110101110111010010000100011
00000110111011101010011000100011
00000110101010110010100000100011
00000111101111111010101000100011
00000110000110010010110000100011
00000111100010010010111000000011
00000111010011111010011010000011
00000111000010110010100010000011
00000110110011101010000100000011
00000110100010111010111100000011
00000110010001001010001100000011
00000110000000100010101000000011
00000101110010011010010000000011
00000011010101000001010001100011
00000011100010100001001001100011
00000010010100110001000001100011
00000000101111110001111001100011
00000000111000010001110001100011
00000000101010001001101001100011
00000001101101101001100001100011
00000000000111100001011001100011
00000101010000000000000010010011
00000000100000000000000001101111
00000100011000000000000010010011
