00000000000000000000100000110111
00000000000000000100001100110111
00000000000000001001010100110111
00000000000000000011001110110111
00000101011010000000001000100011
00000100001100110000001000100011
00000100010001010000001000100011
00000100111100111000001000100011
00000100010000111000101000000011
00000100010001010000101110000011
00000100010000110000100110000011
00000100010010000000010010000011
00000001011001001001110001100011
00000000001110011001101001100011
00000000010010111001100001100011
00000000111110100001011001100011
00000101010000000000000010010011
00000000100000000000000001101111
00000100011000000000000010010011
