00000101101000000000001100010011
00000101100100000000001110010011
00000000011100110011111110110011
00000000011100110110010001100011
00000000011100110111111001100011
00000100100100110110101010010011
01000000011000111000111000110011
01000000001011100101111000010011
00000000000011100111111000110011
00000000000000000000101000010011
00000001010011100000111001100011
00000110001100110110101010010011
01000000011000111000111000110011
01000000010011100101111000010011
00000000000011100111111000110011
00000000000000000000101000010011
11111101010011100000101011100011
00000101010000000000000010010011
00000000100000000000000001101111
00000100011000000000000010010011
