00000000010000000000111000010011
00000000000000000000100110110011
00000000000000000000000010110011
00000011010000000000110000010011
00000000001000000000101100010011
00000011010000000000110100010011
00000001000000000000101000010011
00000010110000000000100100010011
00000000110000000000101110010011
00000011101011000001001000100011
00000011010011000001010000100011
00000011001011000001011000100011
00000011011111000001100000100011
00000001011000001001111010110011
00000001100011101000001010110011
00000010010000101101011010000011
00000000110110011000100110110011
00000000000100001000000010010011
00000001110000001000010001100011
11111110100111111111000001101111
00000111110000000000110010010011
00000001001111001001011001100011
00000101010000000000000010010011
00000000100000000000000001101111
00000100011000000000000010010011
