00001000001000000000000110010011
00000001111100000000100110010011
00000011000100000000011110010011
00000100111000000000001000010011
00000000001100000000010110010011
00000001001100011100010001100011
00000001001100011101111001100011
01000000010001111000000100110011
00000000010001111111101100110011
00000000001010110000101100110011
00000000101110110101101100110011
11111111110000000000101000010011
00000011010010110001001001100011
00000000010001111110000100110011
00000000010001111100101100110011
00000000001010110000101100110011
01000000101110110101101100110011
00000001111100000000101000010011
00000001010010110001011001100011
00000101010000000000000010010011
00000000100000000000000001101111
00000100011000000000000010010011
