00001100000100000000010100010011
00001011111000000000001110010011
00001011111001010011111110010011
00000000011101010110010001100011
00000000011101010111111001100011
00000111101001010110010110010011
01000000101000111000110110110011
01000000001011011101110110010011
00000000000011011111110110110011
00000000000000000000110010010011
00000001100111011000111001100011
00001000100001010110010110010011
01000000101000111000110110110011
01000000001111011101110110010011
00000000000011011111110110110011
00000000000000000000110010010011
00000001100111011000001001100011
00000101010000000000000010010011
00000000100000000000000001101111
00000100011000000000000010010011
