00000000010000000000110110010011
00000000000000000000100100010011
00000000000000000000001010010011
00000010000000000000111000010011
00000011100000000000000110010011
00000010110000000000101000010011
00000010010000000000111010010011
00000100100000000000010110010011
00000010001111100001011000100011
00000011010011100001100000100011
00000011110111100001101000100011
00000010101111100001110000100011
00000000001000101001011100010011
00000001110001110000100000110011
00000010110010000001010100000011
00000000101010010000100100110011
00000000000100101000001010010011
00000001101100101000010001100011
11111110100111111111000001101111
00001101000000000000110100010011
00000001001011010001011001100011
00000101010000000000000010010011
00000000100000000000000001101111
00000100011000000000000010010011
