00000000000000000011011000110111
00000000000000001001010010110111
00000000000000000101001010110111
00000000000000000000001100110111
00000000000000000010101110110111
00000000000000001001110110110111
00000000000000000110111010110111
00000000000000000000110100110111
00000010010001100010010000100011
00000011001101001010011000100011
00000010001000101010100000100011
00000010101100110010101000100011
00000010001110111010110000100011
00000010110111011010111000100011
00000101111011101010000000100011
00000100111011010010001000100011
00000100010011010010011110000011
00000100000011101010100100000011
00000011110011011010100000000011
00000011100010111010101000000011
00000011010000110010010100000011
00000011000000101010101100000011
00000010110001001010001110000011
00000010100001100010110000000011
00000010010011000001010001100011
00000011001100111001001001100011
00000010001010110001000001100011
00000000101101010001111001100011
00000000001110100001110001100011
00000000110110000001101001100011
00000001111010010001100001100011
00000000111001111001011001100011
00000101010000000000000010010011
00000000100000000000000001101111
00000100011000000000000010010011
