00000000000000001001010110110111
00000000000000000101010000110111
00000000000000001000100010110111
00000000000000000001000110110111
00000000000000000000001010110111
00000000000000000100011010110111
00000000000000000100101110110111
00000000000000000001111000110111
00000001010101011010110000100011
00000000111001000010111000100011
00000011100110001010000000100011
00000010001000011010001000100011
00000011001000101010010000100011
00000011111101101010011000100011
00000010011010111010100000100011
00000011101011100010101000100011
00000011010011100010111010000011
00000011000010111010010100000011
00000010110001101010101100000011
00000010100000101010100110000011
00000010010000011010100000000011
00000010000010001010011000000011
00000001110001000010001000000011
00000001100001011010011110000011
00000011010101111001010001100011
00000010111000100001001001100011
00000011100101100001000001100011
00000000001010000001111001100011
00000001001010011001110001100011
00000001111110110001101001100011
00000000011001010001100001100011
00000001101011101001011001100011
00000101010000000000000010010011
00000000100000000000000001101111
00000100011000000000000010010011
