00000110001100000000100110010011
00000000000000000000101010010011
00000110100000000000111000010011
00000011000000000000011110010011
00000000001100000000100100010011
00000001010110011100010001100011
00000001010110011101111001100011
01000000111111100000101000110011
00000000111111100111001100110011
00001000001100110010001100010011
00000001001000110101001100110011
00000000101100000000110110010011
00000011101100110001001001100011
00000000111111100110101000110011
00000000111111100100001100110011
00000000101100110011001100010011
01000001001000110101001100110011
00000001101000000000110110010011
00000001101100110001011001100011
00000101010000000000000010010011
00000000100000000000000001101111
00000100011000000000000010010011
