00001010111000000000010100010011
00001010110100000000101010010011
00000001010101010011000100110011
00000001010101010110010001100011
00000001010101010111111001100011
00000111101001010110110000010011
01000000101010101000000010110011
01000000000100001101000010010011
00000000000000001111000010110011
00000000000000000000100000010011
00000001000000001000111001100011
00000010101101010110110000010011
01000000101010101000000010110011
01000000000000001101000010010011
00000000000000001111000010110011
00000000000000000000100000010011
11111101000000001000101011100011
00000101010000000000000010010011
00000000100000000000000001101111
00000100011000000000000010010011
