00000000000000000000110010110111
00000000000000001000001110110111
00000000000000000011111010110111
00000000000000000111101110110111
00000110110011001010010000100011
00000111101100111010011000100011
00000111000111101010100000100011
00000111100010111010101000100011
00000111010010111010010010000011
00000111000011101010001010000011
00000110110000111010010110000011
00000110100011001010101000000011
00000000110010100001110001100011
00000001101101011001101001100011
00000001000100101001100001100011
00000001100001001001011001100011
00000101010000000000000010010011
00000000100000000000000001101111
00000100011000000000000010010011
