00000100111000000000011110010011
11111110101100000000111110010011
00000111001100000000001110010011
00000001111000000000111100010011
00000000001000000000000010010011
00000001111101111100010001100011
00000001111101111101111001100011
01000001111000111000010000110011
00000001111000111111011100110011
00000000100001110000011100110011
00000000000101110101011100110011
00000001100100000000110100010011
00000011101001110001001001100011
00000001111000111110010000110011
00000001111000111100011100110011
00000000100001110000011100110011
01000000000101110101011100110011
00000011101100000000110100010011
00000001101001110001011001100011
00000101010000000000000010010011
00000000100000000000000001101111
00000100011000000000000010010011
