00000011010100000000110000010011
11111101001000000000111110010011
00000010011100000000101000010011
00001010000100000000110100010011
00000000001100000000011010010011
00000001111111000100010001100011
00000001111111000101111001100011
01000001101010100000011000110011
00000001101010100111010100110011
00000000110001010000010100110011
00000000110101010101010100110011
11111111010000000000101100010011
00000011011001010001001001100011
00000001101010100110011000110011
00000001101010100100010100110011
00000000110001010000010100110011
01000000110101010101010100110011
00000010010100000000101100010011
00000001011001010001011001100011
00000101010000000000000010010011
00000000100000000000000001101111
00000100011000000000000010010011
