00000000010000000000001000010011
00000000000000000000111100110011
00000000000000000000100010110011
00000001100000000000000110010011
00001000110000000000101000010011
00000000000000000000110100010011
00000001100000000000101010010011
00000010110000000000111010010011
00000101010000011010000000100011
00000101101000011010001000100011
00000101010100011010010000100011
00000101110100011010011000100011
00000000001010001001111000010011
00000000001111100000001010110011
00000100000000101010110110000011
00000001101111110000111100110011
00000000000110001000100010010011
00000000010010001000010001100011
11111110100111111111000001101111
00001101000000000000011010010011
00000001111001101001011001100011
00000101010000000000000010010011
00000000100000000000000001101111
00000100011000000000000010010011
