00000101110000000000001100010011
00000101101100000000110100010011
00000001101000110011101000110011
00000001101000110110010001100011
00000001101000110111111001100011
00001001010100110110110110010011
01000000011011010000101110110011
01000000000010111101101110010011
00000000000010111111101110110011
00000000000000000000010110010011
00000000101110111000111001100011
00001011111000110110110110010011
01000000011011010000101110110011
01000000000110111101101110010011
00000000000010111111101110110011
00000000000000000000010110010011
11111100101110111000101011100011
00000101010000000000000010010011
00000000100000000000000001101111
00000100011000000000000010010011
