00000101100100000000010110010011
00001010100100000000110010010011
00001010100101011011000110010011
00000001100101011110010001100011
00000001100101011111111001100011
00001100011001011110101110010011
01000000101111001000110110110011
01000000010011011101110110010011
00000000000011011111110110110011
00000000000000000000010100010011
00000000101011011000111001100011
00000010000001011110101110010011
01000000101111001000110110110011
01000000000011011101110110010011
00000000000011011111110110110011
00000000000000000000010100010011
00000000101011011000001001100011
00000101010000000000000010010011
00000000100000000000000001101111
00000100011000000000000010010011
