00000000010100000000101000010011
00000000000100000000100100010011
00000000000100000000110100010011
00000000001100000000101010010011
00000010000010100000000001100011
00000011101010100000010001100011
00000011010110100100100001100011
00000001101010010000110110110011
00000000000011010000100100010011
00000000000011011000110100010011
00000000000110101000101010010011
11111110110111111111000001101111
00000000000000000000110110010011
00000000000000000000100110010011
00000011001111011001000001100011
00000000000100000000110110010011
00000000000100000000001000010011
00000000010011011001101001100011
00000000010100000000010100010011
11111110101011011001100011100011
00000101010000000000000010010011
00000000100000000000000001101111
00000100011000000000000010010011
