00000000000000001001110010110111
00000000000000000100001010110111
00000000000000000011111010110111
00000000000000000000011010110111
00000000000000000011111000110111
00000000000000000001100010110111
00000000000000000011101010110111
00000000000000000110100000110111
00000010110011001010010000100011
00000011001000101010011000100011
00000010001011101010100000100011
00000011011001101010101000100011
00000010111111100010110000100011
00000011101010001010111000100011
00000100100010101010000000100011
00000101010010000010001000100011
00000100010010000010011100000011
00000100000010101010111110000011
00000011110010001010111100000011
00000011100011100010010100000011
00000011010001101010110000000011
00000011000011101010100110000011
00000010110000101010010110000011
00000010100011001010000110000011
00000010110000011001010001100011
00000011001001011001001001100011
00000010001010011001000001100011
00000001011011000001111001100011
00000000111101010001110001100011
00000001101011110001101001100011
00000000100011111001100001100011
00000001010001110001011001100011
00000101010000000000000010010011
00000000100000000000000001101111
00000100011000000000000010010011
