00000000010000000000111010010011
00000000000000000000100100110011
00000000000000000000000100110011
00000000010000000000011100010011
00000000010000000000001010010011
00000000110000000000100010010011
00000010010000000000110110010011
00000010000000000000010100010011
00000000010101110000001000100011
00000001000101110000010000100011
00000001101101110000011000100011
00000000101001110000100000100011
00000000001000010001101110010011
00000000111010111000110000110011
00000000010011000000111000000011
00000001110010010000100100110011
00000000000100010000000100010011
00000001110100010000010001100011
11111110100111111111000001101111
00000101010000000000000010010011
00000001001000001001011001100011
00000101010000000000000010010011
00000000100000000000000001101111
00000100011000000000000010010011
