00001000110100000000001000010011
00001011010100000000101100010011
00001011010100100011011000010011
00000001011000100110010001100011
00000001011000100111111001100011
00000111100000100110111000010011
01000000010010110000101010110011
01000000000110101101101010010011
00000000000010101111101010110011
00000000000000000000001110010011
00000000011110101000111001100011
00000101110000100110111000010011
01000000010010110000101010110011
01000000000010101101101010010011
00000000000010101111101010110011
00000000000000000000001110010011
00000000011110101000001001100011
00000101010000000000000010010011
00000000100000000000000001101111
00000100011000000000000010010011
