00000000010000000000010000010011
00000000000000000000101010110011
00000000000000000000001000110011
00000001010000000000001010010011
00000110100000000000100110010011
00000000010000000000111100010011
00000010000000000000100000010011
00000011000000000000110100010011
00000001001100101010001000100011
00000001111000101010010000100011
00000001000000101010011000100011
00000001101000101010100000100011
00000000001000100001111000010011
00000000010111100000011000110011
00000000010001100010100010000011
00000001000110101000101010110011
00000000000100100000001000010011
00000000100000100000010001100011
11111110100111111111000001101111
00001011110000000000101100010011
00000001010110110001011001100011
00000101010000000000000010010011
00000000100000000000000001101111
00000100011000000000000010010011
