00000000010000000000101110010011
00000000000000000000011100110011
00000000000000000000001000110011
00000010000000000000000100010011
00000001100000000000001110010011
00000010100000000000000010010011
00000000100000000000100010010011
00000011110000000000010100010011
00000000011100010000000000100011
00000000000100010000001000100011
00000001000100010000010000100011
00000000101000010000011000100011
00000000001000100001100000010011
00000000001010000000010000110011
00000000000001000000111000000011
00000001110001110000011100110011
00000000000100100000001000010011
00000001011100100000010001100011
11111110100111111111000001101111
00001000010000000000110000010011
00000000111011000001011001100011
00000101010000000000000010010011
00000000100000000000000001101111
00000100011000000000000010010011
