00000000000000000110010000010111
00000000000000000001100100010111
00000000000000001000110010010111
00000000000000000001011010010111
00000000000000001001010010110111
00000000000000000010000010110111
00000000000000001001000100110111
00000000000000000100111110110111
00000000111001000010110000100011
00000001110110010010111000100011
00000011010011001010000000100011
00000011111001101010001000100011
00000010101001001010010000100011
00000011101100001010011000100011
00000011011100010010100000100011
00000010111111111010101000100011
00000011010011111010100110000011
00000011000000010010110000000011
00000010110000001010001110000011
00000010100001001010001100000011
00000010010001101010001000000011
00000010000011001010011000000011
00000001110010010010101010000011
00000001100001000010100000000011
00000010111010000001010001100011
00000011110110101001001001100011
00000011010001100001000001100011
00000001111000100001111001100011
00000000101000110001110001100011
00000001101100111001101001100011
00000001011111000001100001100011
00000000111110011001011001100011
00000101010000000000000010010011
00000000100000000000000001101111
00000100011000000000000010010011
