00000000011000000000011110010011
10000000000000000000011010010011
00101101111101111010000010010011
00000000110101111110010001100011
00000000110101111111111001100011
00000110110001111110111010010011
01000000111101101000000110110011
01000000001100011101000110010011
00000000000000011111000110110011
00000000000000000000110000010011
00000001100000011000111001100011
00001011110001111110111010010011
01000000111101101000000110110011
01000000001000011101000110010011
00000000000000011111000110110011
00000000000000000000110000010011
00000001100000011000001001100011
00000101010000000000000010010011
00000000100000000000000001101111
00000100011000000000000010010011
