00000000101100000000010110010011
00000000000100000000011100010011
00000000000100000000110000010011
00000000001100000000101000010011
00000010000001011000000001100011
00000011100001011000010001100011
00000011010001011100100001100011
00000001100001110000100000110011
00000000000011000000011100010011
00000000000010000000110000010011
00000000000110100000101000010011
11111110110111111111000001101111
00000000000000000000100000010011
00000000000000000000001000010011
00000010010010000001000001100011
00000000000100000000100000010011
00000000000100000000100010010011
00000001000110000001101001100011
00000101100100000000100100010011
11111111001010000001100011100011
00000101010000000000000010010011
00000000100000000000000001101111
00000100011000000000000010010011
