00000000000000000010101000010111
00000000000000000001001010010111
00000000000000000101111000010111
00000000000000000010000010010111
00000000000000000001101010110111
00000000000000001001000110110111
00000000000000000110010110110111
00000000000000000100010000110111
00000111111010100010000000100011
00000111100000101010001000100011
00000111011111100010010000100011
00000111001000001010011000100011
00000111101110101010100000100011
00000110110100011010101000100011
00000110101001011010110000100011
00000110001001000010111000100011
00000111110001000010001100000011
00000111100001011010100000000011
00000111010000011010100010000011
00000111000010101010011100000011
00000110110000001010010010000011
00000110100011100010101100000011
00000110010000101010110010000011
00000110000010100010110100000011
00000011111011010001010001100011
00000011100011001001001001100011
00000011011110110001000001100011
00000001001001001001111001100011
00000001101101110001110001100011
00000000110110001001101001100011
00000000101010000001100001100011
00000000001000110001011001100011
00000101010000000000000010010011
00000000100000000000000001101111
00000100011000000000000010010011
