00000000010000000000001110010011
00000000000000000000000110110011
00000000000000000000101000110011
00000000000000000000111010010011
00000000001000000000111000010011
00000000110000000000000010010011
00000100010000000000100110010011
00000100100000000000011010010011
00000010010000000000111100010011
00000010000111101001110000100011
00000011001111101001111000100011
00000100110111101001000000100011
00000101111011101001001000100011
00000001110010100001101010110011
00000001110110101000010100110011
00000011100001010101100000000011
00000001000000011000000110110011
00000000000110100000101000010011
00000000011110100000010001100011
11111110100111111111000001101111
00001011110000000000001010010011
00000000001100101001011001100011
00000101010000000000000010010011
00000000100000000000000001101111
00000100011000000000000010010011
