00001000010000000000110000010011
00001100010000000000101010010011
00001000110000000000010100010011
00000001010111000110010001100011
00000001010111000111111001100011
00000011000101010000100110010011
00000001110001010111011100010011
00000001001101110000011100110011
00000000001001110101011100010011
00000011001000000000010110010011
00000010101101110001001001100011
00001001100101010110100110010011
00000000010001010100011100010011
00000001001101110000011100110011
01000000001001110101011100010011
00000100100100000000010110010011
00000000101101110001011001100011
00000101010000000000000010010011
00000000100000000000000001101111
00000100011000000000000010010011
