00000000010000000000101000010011
00000000000000000000011010110011
00000000000000000000110000110011
00000100010000000000111100010011
00000010110000000000111000010011
00000011010000000000000010010011
00000100010000000000110100010011
00000000010000000000110110010011
00000001110011110000100000100011
00000000000111110000101000100011
00000001101011110000110000100011
00000001101111110000111000100011
00000000001011000001001100010011
00000001111000110000101100110011
00000001000010110000010110000011
00000000101101101000011010110011
00000000000111000000110000010011
00000001010011000000010001100011
11111110100111111111000001101111
00001010100000000000111110010011
00000000110111111001011001100011
00000101010000000000000010010011
00000000100000000000000001101111
00000100011000000000000010010011
