00000000010000000000101110010011
00000000000000000000111010110011
00000000000000000000001110110011
00000100000000000000101000010011
00000000001000000000111110010011
00000001010000000000011110010011
00000100100000000000000010010011
00000011110000000000001000010011
00000000100000000000001010010011
00000000111110100000111000100011
00000010000110100000000000100011
00000010010010100000001000100011
00000010010110100000010000100011
00000001111100111001110110110011
00000001010011011000010010110011
00000001110001001100000110000011
00000000001111101000111010110011
00000000000100111000001110010011
00000001011100111000010001100011
11111110100111111111000001101111
00001010000000000000010000010011
00000001110101000001011001100011
00000101010000000000000010010011
00000000100000000000000001101111
00000100011000000000000010010011
