00001001011100000000100110010011
00001001011000000000001110010011
00000000011110011011011000110011
00000000011110011110010001100011
00000000011110011111111001100011
00000101011110011110100010010011
01000001001100111000000010110011
01000000000100001101000010010011
00000000000000001111000010110011
00000000000000000000111110010011
00000001111100001000111001100011
00000010110010011110100010010011
01000001001100111000000010110011
01000000001000001101000010010011
00000000000000001111000010110011
00000000000000000000111110010011
11111101111100001000101011100011
00000101010000000000000010010011
00000000100000000000000001101111
00000100011000000000000010010011
