00000000010000000000111010010011
00000000000000000000101000110011
00000000000000000000011110110011
00000000010000000000110010010011
00001000010000000000101010010011
00000100000000000000111110010011
00000011000000000000101100010011
00000001010000000000001100010011
00000011010111001010001000100011
00000011111111001010010000100011
00000011011011001010011000100011
00000010011011001010100000100011
00000000001001111001111000010011
00000001100111100000000110110011
00000010010000011010010100000011
00000000101010100000101000110011
00000000000101111000011110010011
00000001110101111000010001100011
11111110100111111111000001101111
00010000100000000000100100010011
00000001010010010001011001100011
00000101010000000000000010010011
00000000100000000000000001101111
00000100011000000000000010010011
