00000000111100000000011010010011
00000000000100000000111100010011
00000000000100000000001100010011
00000000001100000000001000010011
00000010000001101000000001100011
00000010011001101000010001100011
00000010010001101100100001100011
00000000011011110000000110110011
00000000000000110000111100010011
00000000000000011000001100010011
00000000000100100000001000010011
11111110110111111111000001101111
00000000000000000000000110010011
00000000000000000000101000010011
00000011010000011001000001100011
00000000000100000000000110010011
00000000000100000000111010010011
00000001110100011001101001100011
00100110001000000000010010010011
11111110100100011001100011100011
00000101010000000000000010010011
00000000100000000000000001101111
00000100011000000000000010010011
