00000001101100000000000010010011
00000001101000000000110110010011
00000001101100001011000100110011
00000001101100001110010001100011
00000001101100001111111001100011
00000001000100001110010000010011
01000000000111011000110010110011
01000000000011001101110010010011
00000000000011001111110010110011
00000000000000000000110000010011
00000001100011001000111001100011
00000111000000001110010000010011
01000000000111011000110010110011
01000000000011001101110010010011
00000000000011001111110010110011
00000000000000000000110000010011
11111101100011001000101011100011
00000101010000000000000010010011
00000000100000000000000001101111
00000100011000000000000010010011
