00000000000000000111110110110111
00000000000000000101010010110111
00000000000000000010011100110111
00000000000000000110001100110111
00000001011011011010000000100011
00000000101001001010001000100011
00000001010101110010010000100011
00000001111000110010011000100011
00000000110000110010000100000011
00000000100001110010111110000011
00000000010001001010110100000011
00000000000011011010000110000011
00000001011000011001110001100011
00000000101011010001101001100011
00000001010111111001100001100011
00000001111000010001011001100011
00000101010000000000000010010011
00000000100000000000000001101111
00000100011000000000000010010011
