00000001010000000000000110010011
11111011000100000000111010010011
00000100000100000000111100010011
00001000100100000000110100010011
00000000001100000000101110010011
00000001110100011100010001100011
00000001110100011101111001100011
01000001101011110000011010110011
00000001101011110111010100110011
00000000110101010010010100110011
00000001011101010101010100110011
11111111011100000000101010010011
00000011010101010001001001100011
00000001101011110110011010110011
00000001101011110100010100110011
00000000110101010011010100110011
01000001011101010101010100110011
00000011001000000000101010010011
00000001010101010001011001100011
00000101010000000000000010010011
00000000100000000000000001101111
00000100011000000000000010010011
