00000000011100000000010100010011
00011010001000000000010110010011
00001100100100000000011000010011
00110001111100000000011010010011
00010001111000000000011100010011
00000001100100000000011110010011
00000000001000000000100000010011
00011110110100000000100010010011
00010111111000000000100100010011
00000000101001010000010100110011
00000000101101011100010110110011
01000000110001100000011000110011
00000000110101101101011010110011
00000000111001110111011100110011
01000000111101111101011110110011
00000001000010000001100000110011
00000001000110001110100010110011
00000001001010010000100100110011
00000000111000000000111110010011
00000000000000000000111100010011
00000000000000000000111010010011
00000000000000000000111000010011
00010001111000000000110110010011
00000000000000000000110100010011
00000000100000000000110010010011
00011110110100000000110000010011
00101111110000000000101110010011
00000011111101010001011001100011
00000011111001011001010001100011
00000011110101100001001001100011
00000011110001101001000001100011
00000001101101110001111001100011
00000001101001111001110001100011
00000001100110000001101001100011
00000001100010001001100001100011
00000001011110010001011001100011
00000101010000000000000010010011
00000000100000000000000001101111
00000100011000000000000010010011
