00000000010000000000011010010011
00000000000000000000001100110011
00000000000000000000001110110011
00000001010000000000011100010011
00000000001000000000000110010011
00000001110000000000000100010011
00000011010000000000111100010011
00000010000000000000101010010011
00000011100000000000100000010011
00000000001001110000000000100011
00000001111001110000001000100011
00000001010101110000010000100011
00000001000001110000011000100011
00000000001100111001010000110011
00000000111001000000110100110011
00000000000011010100010010000011
00000000100100110000001100110011
00000000000100111000001110010011
00000000110100111000010001100011
11111110100111111111000001101111
00001010100000000000110000010011
00000000011011000001011001100011
00000101010000000000000010010011
00000000100000000000000001101111
00000100011000000000000010010011
