00000000110100000000010110010011
00000000000100000000001000010011
00000000000100000000110110010011
00000000001100000000110010010011
00000010000001011000000001100011
00000011101101011000010001100011
00000011100101011100100001100011
00000001101100100000011110110011
00000000000011011000001000010011
00000000000001111000110110010011
00000000000111001000110010010011
11111110110111111111000001101111
00000000000000000000011110010011
00000000000000000000000010010011
00000010000101111001000001100011
00000000000100000000011110010011
00000000000100000000000100010011
00000000001001111001101001100011
00001110100100000000000110010011
11111110001101111001100011100011
00000101010000000000000010010011
00000000100000000000000001101111
00000100011000000000000010010011
