00001010101000000000011000010011
00001010100100000000111110010011
00000001111101100011011010110011
00000001111101100110010001100011
00000001111101100111111001100011
00000011010101100110101000010011
01000000110011111000010110110011
01000000010001011101010110010011
00000000000001011111010110110011
00000000000000000000011110010011
00000000111101011000111001100011
00000011101001100110101000010011
01000000110011111000010110110011
01000000000001011101010110010011
00000000000001011111010110110011
00000000000000000000011110010011
11111100111101011000101011100011
00000101010000000000000010010011
00000000100000000000000001101111
00000100011000000000000010010011
