00000000000000000111101110110111
00000000000000000100011100110111
00000000000000000011001100110111
00000000000000000111001000110111
00000101000010111000110000100011
00000101001001110000110000100011
00000100101000110000110000100011
00000100111100100000110000100011
00000101100000100000100010000011
00000101100000110000101000000011
00000101100001110000101010000011
00000101100010111000001010000011
00000001000000101001110001100011
00000001001010101001101001100011
00000000101010100001100001100011
00000000111110001001011001100011
00000101010000000000000010010011
00000000100000000000000001101111
00000100011000000000000010010011
