00000000010000000000010000010011
00000000000000000000001010110011
00000000000000000000000110110011
00000010000000000000111010010011
00000001100000000000010010010011
00000000010000000000101010010011
00000000110000000000001110010011
00000010110000000000110010010011
00000000100111101000111000100011
00000011010111101000000000100011
00000010011111101000001000100011
00000011100111101000010000100011
00000000001000011001010100010011
00000001110101010000011110110011
00000001110001111000101100000011
00000001011000101000001010110011
00000000000100011000000110010011
00000000100000011000010001100011
11111110100111111111000001101111
00000101010000000000011000010011
00000000010101100001011001100011
00000101010000000000000010010011
00000000100000000000000001101111
00000100011000000000000010010011
