00000000010000000000010000010011
00000000000000000000100100010011
00000000000000000000001100010011
00000100110000000000101100010011
00000001100000000000111100010011
00000011010000000000111110010011
00000000110000000000001010010011
00000100100000000000011110010011
00000001111010110001100000100011
00000001111110110001101000100011
00000000010110110001110000100011
00000000111110110001111000100011
00000000001000110001100010010011
00000001011010001000111010110011
00000001000011101001110000000011
00000001100010010000100100110011
00000000000100110000001100010011
00000000100000110000010001100011
11111110100111111111000001101111
00001010000000000000010110010011
00000001001001011001011001100011
00000101010000000000000010010011
00000000100000000000000001101111
00000100011000000000000010010011
