00000000111100000000111100010011
00000000000100000000101000010011
00000000000100000000100100010011
00000000001100000000111110010011
00000010000011110000000001100011
00000011001011110000010001100011
00000011111111110100100001100011
00000001001010100000110000110011
00000000000010010000101000010011
00000000000011000000100100010011
00000000000111111000111110010011
11111110110111111111000001101111
00000000000000000000110000010011
00000000000000000000001100010011
00000010011011000001000001100011
00000000000100000000110000010011
00000000000100000000101010010011
00000001010111000001101001100011
00100110001000000000100010010011
11111111000111000001100011100011
00000101010000000000000010010011
00000000100000000000000001101111
00000100011000000000000010010011
