00000000010000000000100110010011
00000000000000000000100100010011
00000000000000000000111110010011
00000100100000000000111010010011
00000010100000000000100000010011
00000011010000000000010000010011
00000000010000000000110000010011
00000001000000000000111000010011
00000001000011101001011000100011
00000000100011101001100000100011
00000001100011101001101000100011
00000001110011101001110000100011
00000000001011111001101000010011
00000001110110100000001010110011
00000000110000101001001100000011
00000000011010010000100100110011
00000000000111111000111110010011
00000001001111111000010001100011
11111110100111111111000001101111
00000111000000000000000110010011
00000001001000011001011001100011
00000101010000000000000010010011
00000000100000000000000001101111
00000100011000000000000010010011
