00001100001000000000111110010011
00001100000100000000010000010011
00000000100011111011100100110011
00000000100011111110010001100011
00000000100011111111111001100011
00000111001011111110111010010011
01000001111101000000111000110011
01000000001111100101111000010011
00000000000011100111111000110011
00000000000000000000100000010011
00000001000011100000111001100011
00000100010011111110111010010011
01000001111101000000111000110011
01000000001011100101111000010011
00000000000011100111111000110011
00000000000000000000100000010011
11111101000011100000101011100011
00000101010000000000000010010011
00000000100000000000000001101111
00000100011000000000000010010011
