00001001110000000000011010010011
00000011100100000000100110010011
00000010111100000000101010010011
00001001011100000000110100010011
00000000001100000000010110010011
00000001001101101100010001100011
00000001001101101101111001100011
01000001101010101000010010110011
00000001101010101111001110110011
00000000100100111000001110110011
00000000101100111101001110110011
11111111001100000000000010010011
00000010000100111001001001100011
00000001101010101110010010110011
00000001101010101100001110110011
00000000100100111000001110110011
01000000101100111101001110110011
00000010111000000000000010010011
00000000000100111001011001100011
00000101010000000000000010010011
00000000100000000000000001101111
00000100011000000000000010010011
