00001001000100000000011110010011
00001001000000000000111100010011
00000001111001111011100010110011
00000001111001111110010001100011
00000001111001111111111001100011
00000011111101111110010110010011
01000000111111110000101010110011
01000000010010101101101010010011
00000000000010101111101010110011
00000000000000000000011100010011
00000000111010101000111001100011
00000001010001111110010110010011
01000000111111110000101010110011
01000000001110101101101010010011
00000000000010101111101010110011
00000000000000000000011100010011
11111100111010101000101011100011
00000101010000000000000010010011
00000000100000000000000001101111
00000100011000000000000010010011
