00000110011000000000101000010011
00001000001100000000110000010011
00001000001110100011010110010011
00000001100010100110010001100011
00000001100010100111111001100011
00000111110010100110010000010011
01000001010011000000000010110011
01000000010000001101000010010011
00000000000000001111000010110011
00000000000000000000001110010011
00000000011100001000111001100011
00000010111010100110010000010011
01000001010011000000000010110011
01000000000100001101000010010011
00000000000000001111000010110011
00000000000000000000001110010011
00000000011100001000001001100011
00000101010000000000000010010011
00000000100000000000000001101111
00000100011000000000000010010011
