00000000010000000000011010010011
00000000000000000000100110110011
00000000000000000000001010110011
00000011000000000000100000010011
00000010000000000000001100010011
00000100110000000000000110010011
00000001010000000000110000010011
00000100000000000000010110010011
00000100011010000010001000100011
00000100001110000010010000100011
00000101100010000010011000100011
00000100101110000010100000100011
00000000001000101001000100010011
00000001000000010000111110110011
00000100010011111010100100000011
00000001001010011000100110110011
00000000000100101000001010010011
00000000110100101000010001100011
11111110100111111111000001101111
00001100000000000000010000010011
00000001001101000001011001100011
00000101010000000000000010010011
00000000100000000000000001101111
00000100011000000000000010010011
