10000000000000000000110110010011
00001001001100000000001110010011
00000000011111011011100100110011
00000000011111011110010001100011
00000000011111011111111001100011
00000101000011011110000010010011
01000001101100111000100110110011
01000000010010011101100110010011
00000000000010011111100110110011
00000000000000000000010010010011
00000000100110011000111001100011
00000111000011011110000010010011
01000001101100111000100110110011
01000000010010011101100110010011
00000000000010011111100110110011
00000000000000000000010010010011
00000000100110011000001001100011
00000101010000000000000010010011
00000000100000000000000001101111
00000100011000000000000010010011
