00001001101100000000110000010011
00000100101000000000110110010011
00000010100100000000111010010011
00000001101111000110010001100011
00000001101111000111111001100011
00000101011011101000001100010011
00000001100011101111111110010011
00000000011011111000111110110011
00000000010011111101111110010011
00000000100000000000101100010011
00000011011011111001001001100011
00001001111011101110001100010011
00000101101111101100111110010011
00000000011011111000111110110011
01000000001011111101111110010011
00000100110000000000101100010011
00000001011011111001011001100011
00000101010000000000000010010011
00000000100000000000000001101111
00000100011000000000000010010011
