00000101010000000000100110010011
00001001111100000000001110010011
00000000011110011010100000110011
00000000011110011110010001100011
00000000011110011111111001100011
00000011100110011110000100010011
01000001001100111000000010110011
01000000000000001101000010010011
00000000000000001111000010110011
00000000000000000000011000010011
00000000110000001000111001100011
00000111000010011110000100010011
01000001001100111000000010110011
01000000010000001101000010010011
00000000000000001111000010110011
00000000000000000000011000010011
00000000110000001000001001100011
00000101010000000000000010010011
00000000100000000000000001101111
00000100011000000000000010010011
