00000000010000000000110110010011
00000000000000000000111010110011
00000000000000000000010000110011
00000011100000000000001000010011
00000001100000000000001110010011
00000011000000000000011010010011
00000011110000000000011000010011
00000011010000000000000110010011
00000000011100100000011000100011
00000000110100100000100000100011
00000000110000100000101000100011
00000000001100100000110000100011
00000000001001000001100100010011
00000000010010010000110010110011
00000000110011001000000010000011
00000000000111101000111010110011
00000000000101000000010000010011
00000001101101000000010001100011
11111110100111111111000001101111
00001011100000000000101100010011
00000001110110110001011001100011
00000101010000000000000010010011
00000000100000000000000001101111
00000100011000000000000010010011
