00000000010100000000001000010011
00000000000100000000101110010011
00000000000100000000000100010011
00000000001100000000011110010011
00000010000000100000000001100011
00000010001000100000010001100011
00000010111100100100100001100011
00000000001010111000111110110011
00000000000000010000101110010011
00000000000011111000000100010011
00000000000101111000011110010011
11111110110111111111000001101111
00000000000000000000111110010011
00000000000000000000010010010011
00000010100111111001000001100011
00000000000100000000111110010011
00000000000100000000100100010011
00000001001011111001101001100011
00000000010100000000100000010011
11111111000011111001100011100011
00000101010000000000000010010011
00000000100000000000000001101111
00000100011000000000000010010011
