00000000000000000001010010010111
00000000000000000010100100010111
00000000000000000100101100010111
00000000000000000100110110010111
00000000000000000100110000110111
00000000000000000111010110110111
00000000000000001000001110110111
00000000000000000000100110110111
00000000100001001010111000100011
00000010010110010010000000100011
00000010000110110010001000100011
00000011110111011010010000100011
00000010111011000010011000100011
00000010001101011010100000100011
00000011000000111010101000100011
00000011101010011010110000100011
00000011100010011010101000000011
00000011010000111010011000000011
00000011000001011010111100000011
00000010110011000010011110000011
00000010100011011010011010000011
00000010010010110010111000000011
00000010000010010010001000000011
00000001110001001010010100000011
00000010100001010001010001100011
00000010010100100001001001100011
00000010000111100001000001100011
00000001110101101001111001100011
00000000111001111001110001100011
00000000001111110001101001100011
00000001000001100001100001100011
00000001101010100001011001100011
00000101010000000000000010010011
00000000100000000000000001101111
00000100011000000000000010010011
