00000000010000000000110000010011
00000000000000000000011010010011
00000000000000000000001100010011
00000010100000000000101110010011
00000010010000000000111000010011
00000011000000000000111010010011
00000001010000000000001110010011
00000010010000000000011110010011
00000011110010111001101000100011
00000011110110111001110000100011
00000010011110111001111000100011
00000100111110111001000000100011
00000000001000110001101010010011
00000001011110101000000110110011
00000011010000011001110100000011
00000001101001101000011010110011
00000000000100110000001100010011
00000001100000110000010001100011
11111110100111111111000001101111
00001000110000000000110110010011
00000000110111011001011001100011
00000101010000000000000010010011
00000000100000000000000001101111
00000100011000000000000010010011
