00000001000100000000110010010011
00000000000100000000111110010011
00000000000100000000111010010011
00000000001100000000110110010011
00000010000011001000000001100011
00000011110111001000010001100011
00000011101111001100100001100011
00000001110111111000101000110011
00000000000011101000111110010011
00000000000010100000111010010011
00000000000111011000110110010011
11111110110111111111000001101111
00000000000000000000101000010011
00000000000000000000001000010011
00000010010010100001000001100011
00000000000100000000101000010011
00000000000100000000110100010011
00000001101010100001101001100011
01100011110100000000001100010011
11111110011010100001100011100011
00000101010000000000000010010011
00000000100000000000000001101111
00000100011000000000000010010011
