00000000010100000000011010010011
00000000000100000000111100010011
00000000000100000000010000010011
00000000001100000000010010010011
00000010000001101000000001100011
00000010100001101000010001100011
00000010100101101100100001100011
00000000100011110000001100110011
00000000000001000000111100010011
00000000000000110000010000010011
00000000000101001000010010010011
11111110110111111111000001101111
00000000000000000000001100010011
00000000000000000000100000010011
00000011000000110001000001100011
00000000000100000000001100010011
00000000000100000000011000010011
00000000110000110001101001100011
00000000010100000000111110010011
11111111111100110001100011100011
00000101010000000000000010010011
00000000100000000000000001101111
00000100011000000000000010010011
