00000000010000000000111010010011
00000000000000000000110110110011
00000000000000000000111110110011
00000011010000000000000010010011
00000000001000000000010100010011
00000000110000000000010000010011
00000011110000000000101100010011
00000000000000000000010110010011
00000000100000000000001010010011
00000010100000001001110000100011
00000011011000001001111000100011
00000100101100001001000000100011
00000100010100001001001000100011
00000000101011111001100010110011
00000000000110001000100000110011
00000011100010000101100100000011
00000001001011011000110110110011
00000000000111111000111110010011
00000001110111111000010001100011
11111110100111111111000001101111
00000101000000000000011100010011
00000001101101110001011001100011
00000101010000000000000010010011
00000000100000000000000001101111
00000100011000000000000010010011
