00000000010000000000011100010011
00000000000000000000100010010011
00000000000000000000010110010011
00000001010000000000001000010011
00000000000000000000111010010011
00000100100000000000010100010011
00000001110000000000011010010011
00000011110000000000011000010011
00000001110100100001101000100011
00000000101000100001110000100011
00000000110100100001111000100011
00000010110000100001000000100011
00000000001001011001011110010011
00000000010001111000110010110011
00000001010011001001101010000011
00000001010110001000100010110011
00000000000101011000010110010011
00000000111001011000010001100011
11111110100111111111000001101111
00001010000000000000110000010011
00000001000111000001011001100011
00000101010000000000000010010011
00000000100000000000000001101111
00000100011000000000000010010011
