00000000010000000000111010010011
00000000000000000000001010110011
00000000000000000000001110110011
00000010010000000000101000010011
00000100000000000000111110010011
00000000010000000000110000010011
00000000010000000000101100010011
00000001100000000000110100010011
00000001111110100000000000100011
00000001100010100000001000100011
00000001011010100000010000100011
00000001101010100000011000100011
00000000001000111001011100010011
00000001010001110000110110110011
00000000000011011000110010000011
00000001100100101000001010110011
00000000000100111000001110010011
00000001110100111000010001100011
11111110100111111111000001101111
00000110000000000000000110010011
00000000010100011001011001100011
00000101010000000000000010010011
00000000100000000000000001101111
00000100011000000000000010010011
