00000000000000000100111110110111
00000000000000000111001010110111
00000000000000000001110110110111
00000000000000000011111010110111
00000011001111111000110000100011
00000010010000101000110000100011
00000011100011011000110000100011
00000011001011101000110000100011
00000011100011101000101000000011
00000011100011011000001110000011
00000011100000101000111000000011
00000011100011111000000100000011
00000001001100010001110001100011
00000000010011100001101001100011
00000001100000111001100001100011
00000001001010100001011001100011
00000101010000000000000010010011
00000000100000000000000001101111
00000100011000000000000010010011
