00000000000000000001100010110111
00000000000000001001011000110111
00000000000000000000101000110111
00000000000000000101001110110111
00000000000000001001110100110111
00000000000000000010010110110111
00000000000000000011110110110111
00000000000000001001101100110111
00000111001010001010100000100011
00000111000001100010101000100011
00000110011010100010110000100011
00000110111100111010111000100011
00001001011111010010000000100011
00001001001101011010001000100011
00001000110111011010010000100011
00001001100110110010011000100011
00001000110010110010111000000011
00001000100011011010010000000011
00001000010001011010011100000011
00001000000011010010111010000011
00000111110000111010010100000011
00000111100010100010101010000011
00000111010001100010000110000011
00000111000010001010110000000011
00000011001011000001010001100011
00000011000000011001001001100011
00000010011010101001000001100011
00000000111101010001111001100011
00000001011111101001110001100011
00000001001101110001101001100011
00000000110101000001100001100011
00000001100111100001011001100011
00000101010000000000000010010011
00000000100000000000000001101111
00000100011000000000000010010011
