00000000010000000000110100010011
00000000000000000000110000110011
00000000000000000000100000110011
00000001010000000000010000010011
00000000001000000000010100010011
00000011100000000000001000010011
00000100110000000000011010010011
00000000010000000000011000010011
00000001010000000000010110010011
00000000010001000000001000100011
00000000110101000000010000100011
00000000110001000000011000100011
00000000101101000000100000100011
00000000101010000001001010110011
00000000100000101000111100110011
00000000010011110100111010000011
00000001110111000000110000110011
00000000000110000000100000010011
00000001101010000000010001100011
11111110100111111111000001101111
00001001110000000000011100010011
00000001100001110001011001100011
00000101010000000000000010010011
00000000100000000000000001101111
00000100011000000000000010010011
