10000000000000000000101110010011
00001001011100000000100010010011
00000001000110111011001100110011
00000001000110111110010001100011
00000001000110111111111001100011
00001010100110111110100000010011
01000001011110001000011100110011
01000000001101110101011100010011
00000000000001110111011100110011
00000000000000000000101000010011
00000001010001110000111001100011
00001010101110111110100000010011
01000001011110001000011100110011
01000000010001110101011100010011
00000000000001110111011100110011
00000000000000000000101000010011
00000001010001110000001001100011
00000101010000000000000010010011
00000000100000000000000001101111
00000100011000000000000010010011
