00000001101000000000100110010011
11111011011100000000110010010011
00001100001100000000111100010011
00001001110000000000111110010011
00000000001000000000000010010011
00000001100110011100010001100011
00000001100110011101111001100011
01000001111111110000001000110011
00000001111111110111010000110011
00000000010001000000010000110011
00000000000101000101010000110011
00000010100100000000011010010011
00000010110101000001001001100011
00000001111111110110001000110011
00000001111111110100010000110011
00000000010001000000010000110011
01000000000101000101010000110011
00000100111100000000011010010011
00000000110101000001011001100011
00000101010000000000000010010011
00000000100000000000000001101111
00000100011000000000000010010011
