00000000010000000000111100010011
00000000000000000000100100110011
00000000000000000000110010110011
00000010010000000000010000010011
00001001100000000000111010010011
00000001010000000000110000010011
00000001110000000000010110010011
00000011100000000000100010010011
00000001110101000010011000100011
00000001100001000010100000100011
00000000101101000010101000100011
00000001000101000010110000100011
00000000001011001001001100010011
00000000100000110000101000110011
00000000110010100010011110000011
00000000111110010000100100110011
00000000000111001000110010010011
00000001111011001000010001100011
11111110100111111111000001101111
00010000000000000000001000010011
00000001001000100001011001100011
00000101010000000000000010010011
00000000100000000000000001101111
00000100011000000000000010010011
