00000000101000000000100000010011
11111010011100000000001100010011
00001000000100000000100100010011
00001011011100000000111000010011
00000000000000000000011100010011
00000000011010000100010001100011
00000000011010000101111001100011
01000001110010010000101110110011
00000001110010010111100110110011
00000001011110011010100110110011
00000000111010011101100110110011
00000100101100000000001010010011
00000010010110011001001001100011
00000001110010010110101110110011
00000001110010010100100110110011
00000001011110011011100110110011
01000000111010011101100110110011
00001110110100000000001010010011
00000000010110011001011001100011
00000101010000000000000010010011
00000000100000000000000001101111
00000100011000000000000010010011
