00000001010000000000010100010011
11111011000100000000110000010011
00000100100100000000100010010011
00000100001100000000100110010011
00000000000000000000011110010011
00000001100001010100010001100011
00000001100001010101111001100011
01000001001110001000001100110011
00000001001110001111101010110011
00000000011010101000101010110011
00000000111110101101101010110011
00000100011100000000000110010011
00000010001110101001001001100011
00000001001110001110001100110011
00000001001110001100101010110011
00000000011010101000101010110011
01000000111110101101101010110011
00000101010100000000000110010011
00000000001110101001011001100011
00000101010000000000000010010011
00000000100000000000000001101111
00000100011000000000000010010011
