00001011001100000000101010010011
00000111011000000000010000010011
00000000100010101010010110110011
00000000100010101110010001100011
00000000100010101111111001100011
00000001111010101110000100010011
01000001010101000000001110110011
01000000001000111101001110010011
00000000000000111111001110110011
00000000000000000000111010010011
00000001110100111000111001100011
00000100000110101110000100010011
01000001010101000000001110110011
01000000001000111101001110010011
00000000000000111111001110110011
00000000000000000000111010010011
00000001110100111000001001100011
00000101010000000000000010010011
00000000100000000000000001101111
00000100011000000000000010010011
