00000000000000000100110000110111
00000000000000000110110110110111
00000000000000000110011100110111
00000000000000000111001010110111
00000110100011000000001000100011
00000110110111011000001000100011
00000111000101110000001000100011
00000111110100101000001000100011
00000110010000101000011000000011
00000110010001110000101000000011
00000110010011011000100000000011
00000110010011000000010100000011
00000000100001010001110001100011
00000000110110000001101001100011
00000001000110100001100001100011
00000001110101100001011001100011
00000101010000000000000010010011
00000000100000000000000001101111
00000100011000000000000010010011
