00001000000000000000001100010011
10000000000000000000000100010011
00011001001100110010001010010011
00000000001000110110010001100011
00000000001000110111111001100011
00000010111100110110100110010011
01000000011000010000000110110011
01000000000100011101000110010011
00000000000000011111000110110011
00000000000000000000100010010011
00000001000100011000111001100011
00001000110000110110100110010011
01000000011000010000000110110011
01000000001100011101000110010011
00000000000000011111000110110011
00000000000000000000100010010011
00000001000100011000001001100011
00000101010000000000000010010011
00000000100000000000000001101111
00000100011000000000000010010011
