00000000000000000101101100010111
00000000000000000011011010010111
00000000000000001001010110010111
00000000000000000101001010010111
00000000000000000100010000110111
00000000000000000010100100110111
00000000000000001001100000110111
00000000000000000111000110110111
00000000011010110010010000100011
00000001101001101010011000100011
00000001100101011010100000100011
00000001110100101010101000100011
00000000001001000010110000100011
00000001010010010010111000100011
00000011000110000010000000100011
00000010010000011010001000100011
00000010010000011010011000000011
00000010000010000010111110000011
00000001110010010010101010000011
00000001100001000010011100000011
00000001010000101010000010000011
00000001000001011010111000000011
00000000110001101010001110000011
00000000100010110010110110000011
00000010011011011001010001100011
00000011101000111001001001100011
00000011100111100001000001100011
00000001110100001001111001100011
00000000001001110001110001100011
00000001010010101001101001100011
00000001000111111001100001100011
00000000010001100001011001100011
00000101010000000000000010010011
00000000100000000000000001101111
00000100011000000000000010010011
