00000000000000000011101000110111
00000000000000000101110010110111
00000000000000000111001110110111
00000000000000000111100010110111
00000010001110100000101000100011
00000010111011001000101000100011
00000011011000111000101000100011
00000011111010001000101000100011
00000011010010001000010000000011
00000011010000111000111110000011
00000011010011001000010110000011
00000011010010100000011110000011
00000000001101111001110001100011
00000000111001011001101001100011
00000001011011111001100001100011
00000001111001000001011001100011
00000101010000000000000010010011
00000000100000000000000001101111
00000100011000000000000010010011
