00001001110000000000111000010011
00000110010000000000101100010011
00000110010011100011100110010011
00000001011011100110010001100011
00000001011011100111111001100011
00001011001011100110111110010011
01000001110010110000000100110011
01000000001100010101000100010011
00000000000000010111000100110011
00000000000000000000010010010011
00000000100100010000111001100011
00000011111011100110111110010011
01000001110010110000000100110011
01000000001100010101000100010011
00000000000000010111000100110011
00000000000000000000010010010011
00000000100100010000001001100011
00000101010000000000000010010011
00000000100000000000000001101111
00000100011000000000000010010011
