00000101000100000000000100010011
11111110111000000000110110010011
00001010001100000000011000010011
00000110101000000000011110010011
00000000010000000000001110010011
00000001101100010100010001100011
00000001101100010101111001100011
01000000111101100000011010110011
00000000111101100111100100110011
00000000110110010000100100110011
00000000011110010101100100110011
00000000010100000000101000010011
00000011010010010001001001100011
00000000111101100110011010110011
00000000111101100100100100110011
00000000110110010000100100110011
01000000011110010101100100110011
00000001101100000000101000010011
00000001010010010001011001100011
00000101010000000000000010010011
00000000100000000000000001101111
00000100011000000000000010010011
