00000110101100000000110100010011
00000101110100000000000100010011
00000011101100000000101100010011
00000000001011010110010001100011
00000000001011010111111001100011
00001011111110110000100110010011
00000111111110110111110110010011
00000001001111011000110110110011
00000000010011011101110110010011
00000001001100000000010100010011
00000010101011011001001001100011
00001000100110110110100110010011
00000000110010110100110110010011
00000001001111011000110110110011
01000000001011011101110110010011
00000011110000000000010100010011
00000000101011011001011001100011
00000101010000000000000010010011
00000000100000000000000001101111
00000100011000000000000010010011
