00001011000000000000100100010011
00001010111100000000101010010011
00000001010110010011011110110011
00000001010110010110010001100011
00000001010110010111111001100011
00000101010110010110111010010011
01000001001010101000010010110011
01000000000101001101010010010011
00000000000001001111010010110011
00000000000000000000001000010011
00000000010001001000111001100011
00000100100010010110111010010011
01000001001010101000010010110011
01000000000001001101010010010011
00000000000001001111010010110011
00000000000000000000001000010011
11111100010001001000101011100011
00000101010000000000000010010011
00000000100000000000000001101111
00000100011000000000000010010011
