00000000010000000000011110010011
00000000000000000000110100010011
00000000000000000000101010010011
00000001110000000000101110010011
00000000110000000000000100010011
00000001100000000000100100010011
00000100110000000000100010010011
00000010010000000000100000010011
00000010001010111001100000100011
00000011001010111001101000100011
00000011000110111001110000100011
00000011000010111001111000100011
00000000001010101001101000010011
00000001011110100000010100110011
00000011000001010001011100000011
00000000111011010000110100110011
00000000000110101000101010010011
00000000111110101000010001100011
11111110100111111111000001101111
00001001010000000000111110010011
00000001101011111001011001100011
00000101010000000000000010010011
00000000100000000000000001101111
00000100011000000000000010010011
