00000000000000000001010100110111
00000000000000000010101100110111
00000000000000000110010010110111
00000000000000000000111100110111
00000000000000000010010110110111
00000000000000000000011010110111
00000000000000000110001100110111
00000000000000000111110000110111
00000111010101010010010000100011
00000110110010110010011000100011
00000111110101001010100000100011
00000111000111110010101000100011
00000110100001011010110000100011
00000110111001101010111000100011
00001000011100110010000000100011
00001001101011000010001000100011
00001000010011000010000110000011
00001000000000110010111000000011
00000111110001101010100100000011
00000111100001011010100000000011
00000111010011110010000100000011
00000111000001001010001010000011
00000110110010110010110010000011
00000110100001010010100110000011
00000011010110011001010001100011
00000010110011001001001001100011
00000011110100101001000001100011
00000001000100010001111001100011
00000000100010000001110001100011
00000000111010010001101001100011
00000000011111100001100001100011
00000001101000011001011001100011
00000101010000000000000010010011
00000000100000000000000001101111
00000100011000000000000010010011
