00000011100100000000000100010011
00000011100000000000100110010011
00000001001100010011110100110011
00000001001100010110010001100011
00000001001100010111111001100011
00000101010000010110111010010011
01000000001010011000100000110011
01000000010010000101100000010011
00000000000010000111100000110011
00000000000000000000110000010011
00000001100010000000111001100011
00000011101100010110111010010011
01000000001010011000100000110011
01000000000110000101100000010011
00000000000010000111100000110011
00000000000000000000110000010011
11111101100010000000101011100011
00000101010000000000000010010011
00000000100000000000000001101111
00000100011000000000000010010011
