00000000111000000000010000010011
00000000000100000000101100010011
00000000000100000000001010010011
00000000001100000000010010010011
00000010000001000000000001100011
00000010010101000000010001100011
00000010100101000100100001100011
00000000010110110000110000110011
00000000000000101000101100010011
00000000000011000000001010010011
00000000000101001000010010010011
11111110110111111111000001101111
00000000000000000000110000010011
00000000000000000000011010010011
00000010110111000001000001100011
00000000000100000000110000010011
00000000000100000000111000010011
00000001110011000001101001100011
00010111100100000000111010010011
11111111110111000001100011100011
00000101010000000000000010010011
00000000100000000000000001101111
00000100011000000000000010010011
