10000000000000000000010100010011
00000101100000000000011010010011
00000000110101010011001100110011
00000000110101010110010001100011
00000000110101010111111001100011
00001000010101010110100110010011
01000000101001101000001010110011
01000000001000101101001010010011
00000000000000101111001010110011
00000000000000000000000010010011
00000000000100101000111001100011
00001100010001010110100110010011
01000000101001101000001010110011
01000000001000101101001010010011
00000000000000101111001010110011
00000000000000000000000010010011
00000000000100101000001001100011
00000101010000000000000010010011
00000000100000000000000001101111
00000100011000000000000010010011
