00000000000000000001110010010111
00000000000000000010010110010111
00000000000000000111011110010111
00000000000000000011001100010111
00000000000000000110110110110111
00000000000000000111000010110111
00000000000000000110110100110111
00000000000000000100101110110111
00000000010111001010010000100011
00000001111101011010011000100011
00000001000001111010100000100011
00000001001100110010101000100011
00000001111011011010110000100011
00000000001100001010111000100011
00000011010011010010000000100011
00000010010010111010001000100011
00000010010010111010011100000011
00000010000011010010101010000011
00000001110000001010110000000011
00000001100011011010000100000011
00000001010000110010101100000011
00000001000001111010100010000011
00000000110001011010111010000011
00000000100011001010111000000011
00000010010111100001010001100011
00000011111111101001001001100011
00000011000010001001000001100011
00000001001110110001111001100011
00000001111000010001110001100011
00000000001111000001101001100011
00000001010010101001100001100011
00000000010001110001011001100011
00000101010000000000000010010011
00000000100000000000000001101111
00000100011000000000000010010011
