00000000000000000001010110110111
00000000000000000111001010110111
00000000000000001000100000110111
00000000000000001000010000110111
00000101000101011000111000100011
00000100111100101000111000100011
00000100011110000000111000100011
00000101001101000000111000100011
00000101110001000000110000000011
00000101110010000000100100000011
00000101110000101000000110000011
00000101110001011000101010000011
00000001000110101001110001100011
00000000111100011001101001100011
00000000011110010001100001100011
00000001001111000001011001100011
00000101010000000000000010010011
00000000100000000000000001101111
00000100011000000000000010010011
