00000111011000000000000100010011
10000000000000000000101010010011
00101010011100010010111010010011
00000001010100010110010001100011
00000001010100010111111001100011
00000001111100010110111000010011
01000000001010101000100100110011
01000000000110010101100100010011
00000000000010010111100100110011
00000000000000000000101110010011
00000001011110010000111001100011
00001100001100010110111000010011
01000000001010101000100100110011
01000000001110010101100100010011
00000000000010010111100100110011
00000000000000000000101110010011
00000001011110010000001001100011
00000101010000000000000010010011
00000000100000000000000001101111
00000100011000000000000010010011
