00000000010000000000101000010011
00000000000000000000001000010011
00000000000000000000101100010011
00000000100000000000111000010011
00000001000000000000111110010011
00000001000000000000110100010011
00000011100000000000011000010011
00000000110000000000111100010011
00000001111111100001000000100011
00000001101011100001001000100011
00000000110011100001010000100011
00000001111011100001011000100011
00000000001010110001010110010011
00000001110001011000100100110011
00000000000010010001100000000011
00000001000000100000001000110011
00000000000110110000101100010011
00000001010010110000010001100011
11111110100111111111000001101111
00000110010000000000001110010011
00000000010000111001011001100011
00000101010000000000000010010011
00000000100000000000000001101111
00000100011000000000000010010011
