00000000100100000000011100010011
11111010011000000000110000010011
00001010010100000000100000010011
00001100000100000000001010010011
00000000001100000000101010010011
00000001100001110100010001100011
00000001100001110101111001100011
01000000010110000000100110110011
00000000010110000111010010110011
00000001001101001000010010110011
00000001010101001101010010110011
00000000110000000000000010010011
00000010000101001001001001100011
00000000010110000110100110110011
00000000010110000100010010110011
00000001001101001000010010110011
01000001010101001101010010110011
00000010100100000000000010010011
00000000000101001001011001100011
00000101010000000000000010010011
00000000100000000000000001101111
00000100011000000000000010010011
