10000000000000000000100000010011
00000100001100000000110100010011
00000001101010000011111010110011
00000001101010000110010001100011
00000001101010000111111001100011
00000000001110000110001000010011
01000001000011010000001010110011
01000000010000101101001010010011
00000000000000101111001010110011
00000000000000000000100010010011
00000001000100101000111001100011
00001011101110000110001000010011
01000001000011010000001010110011
01000000001100101101001010010011
00000000000000101111001010110011
00000000000000000000100010010011
00000001000100101000001001100011
00000101010000000000000010010011
00000000100000000000000001101111
00000100011000000000000010010011
