00000000000000000100001110110111
00000000000000001000011010110111
00000000000000000011100100110111
00000000000000000100010000110111
00000101001100111010000000100011
00000100100101101010001000100011
00000101100010010010010000100011
00000101010001000010011000100011
00000100110001000010100000000011
00000100100010010010000110000011
00000100010001101010100010000011
00000100000000111010111100000011
00000001001111110001110001100011
00000000100110001001101001100011
00000001100000011001100001100011
00000001010010000001011001100011
00000101010000000000000010010011
00000000100000000000000001101111
00000100011000000000000010010011
