00000000010000000000011010010011
00000000000000000000011100110011
00000000000000000000111010110011
00000000010000000000101000010011
00000011110000000000011000010011
00000000000000000000101110010011
00000001010000000000010010010011
00000010110000000000111110010011
00000010110010100010111000100011
00000101011110100010000000100011
00000100100110100010001000100011
00000101111110100010010000100011
00000000001011101001110010010011
00000001010011001000101010110011
00000011110010101010000010000011
00000000000101110000011100110011
00000000000111101000111010010011
00000000110111101000010001100011
11111110100111111111000001101111
00000111110000000000001000010011
00000000111000100001011001100011
00000101010000000000000010010011
00000000100000000000000001101111
00000100011000000000000010010011
