00001010000100000000101000010011
00000011011100000000010110010011
00000000101110100010110000110011
00000000101110100110010001100011
00000000101110100111111001100011
00000100000110100110110010010011
01000001010001011000101110110011
01000000000010111101101110010011
00000000000010111111101110110011
00000000000000000000010010010011
00000000100110111000111001100011
00000100100010100110110010010011
01000001010001011000101110110011
01000000001010111101101110010011
00000000000010111111101110110011
00000000000000000000010010010011
00000000100110111000001001100011
00000101010000000000000010010011
00000000100000000000000001101111
00000100011000000000000010010011
