00000000000000000011001100110111
00000000000000000000111010110111
00000000000000000001010000110111
00000000000000000010001110110111
00000000000000000011110000110111
00000000000000000101111110110111
00000000000000000100100010110111
00000000000000000000110110110111
00000011101000110010000000100011
00000011010011101010001000100011
00000011110001000010010000100011
00000010001100111010011000100011
00000011001111000010100000100011
00000010010011111010101000100011
00000010111010001010110000100011
00000010010111011010111000100011
00000011110011011010011000000011
00000011100010001010011010000011
00000011010011111010100000000011
00000011000011000010000100000011
00000010110000111010101010000011
00000010100001000010110010000011
00000010010011101010100100000011
00000010000000110010010100000011
00000011101001010001010001100011
00000011010010010001001001100011
00000011110011001001000001100011
00000000001110101001111001100011
00000001001100010001110001100011
00000000010010000001101001100011
00000000111001101001100001100011
00000000010101100001011001100011
00000101010000000000000010010011
00000000100000000000000001101111
00000100011000000000000010010011
