00000000110100000000111000010011
11111010101000000000100000010011
00001100001000000000001010010011
00000100000000000000111010010011
00000000001100000000010110010011
00000001000011100100010001100011
00000001000011100101111001100011
01000001110100101000100100110011
00000001110100101111100010110011
00000001110010001010100010010011
00000000101110001101100010110011
00000001100000000000011000010011
00000010110010001001001001100011
00000001110100101110100100110011
00000001110100101100100010110011
00000011100110001011100010010011
01000000101110001101100010110011
00000010100000000000011000010011
00000000110010001001011001100011
00000101010000000000000010010011
00000000100000000000000001101111
00000100011000000000000010010011
