00010100111000000000000010010011
00010100101100000000000100010011
00011001011000000000000110010011
00100111000100000000001000010011
00000111000000000000001010010011
00001000001000000000001100010011
00000000011000000000001110010011
00001000011000000000010000010011
00000001110000000000010010010011
00000000000100001000000010110011
00000000001000010100000100110011
01000000001100011000000110110011
00000000010000100101001000110011
00000000010100101111001010110011
01000000011000110101001100110011
00000000011100111001001110110011
00000000100001000110010000110011
00000000100101001000010010110011
00101001110000000000111110010011
00000000000000000000111100010011
00000000000000000000111010010011
00000000000000000000111000010011
00000111000000000000110110010011
00000010000000000000110100010011
00011000000000000000110010010011
00001000011000000000110000010011
00000011100000000000101110010011
00000011111100001001011001100011
00000011111000010001010001100011
00000011110100011001001001100011
00000011110000100001000001100011
00000001101100101001111001100011
00000001101000110001110001100011
00000001100100111001101001100011
00000001100001000001100001100011
00000001011101001001011001100011
00000101010000000000000010010011
00000000100000000000000001101111
00000100011000000000000010010011
