00000000010000000000101100010011
00000000000000000000001110110011
00000000000000000000100010110011
00000001110000000000111100010011
00000000010000000000101000010011
00000011100000000000111000010011
00000000110000000000001100010011
00000100010000000000011010010011
00000011010011110000011000100011
00000011110011110000100000100011
00000010011011110000101000100011
00000010110111110000110000100011
00000000001010001001010010010011
00000001111001001000110000110011
00000010110011000000100100000011
00000001001000111000001110110011
00000000000110001000100010010011
00000001011010001000010001100011
11111110100111111111000001101111
00001000110000000000110100010011
00000000011111010001011001100011
00000101010000000000000010010011
00000000100000000000000001101111
00000100011000000000000010010011
