00001100000000000000110010010011
00001011111100000000111010010011
00000001110111001011101000110011
00000001110111001110010001100011
00000001110111001111111001100011
00000011100111001110000010010011
01000001100111101000001000110011
01000000000100100101001000010011
00000000000000100111001000110011
00000000000000000000001110010011
00000000011100100000111001100011
00000110010011001110000010010011
01000001100111101000001000110011
01000000001100100101001000010011
00000000000000100111001000110011
00000000000000000000001110010011
11111100011100100000101011100011
00000101010000000000000010010011
00000000100000000000000001101111
00000100011000000000000010010011
