00000000000000000000011110010011
11111001110100000000010110010011
00000010001100000000100110010011
00000001111000000000110110010011
00000000010000000000100010010011
00000000101101111100010001100011
00000000101101111101111001100011
01000001101110011000101100110011
00000001101110011111001110110011
00000001011000111000001110110011
00000001000100111101001110110011
00000000000000000000101000010011
00000011010000111001001001100011
00000001101110011110101100110011
00000001101110011100001110110011
00000001011000111000001110110011
01000001000100111101001110110011
00000000011100000000101000010011
00000001010000111001011001100011
00000101010000000000000010010011
00000000100000000000000001101111
00000100011000000000000010010011
