00000000000000000010101010010111
00000000000000000000010010010111
00000000000000001000001100010111
00000000000000000011110010010111
00000000000000001001011000110111
00000000000000001001110100110111
00000000000000000111101100110111
00000000000000000100110000110111
00000010011110101010010000100011
00000011001101001010011000100011
00000010111000110010100000100011
00000011010011001010101000100011
00000010010101100010110000100011
00000010010011010010111000100011
00000101000110110010000000100011
00000100100011000010001000100011
00000100010011000010000010000011
00000100000010110010100000000011
00000011110011010010111010000011
00000011100001100010000110000011
00000011010011001010011010000011
00000011000000110010100100000011
00000010110001001010010100000011
00000010100010101010000100000011
00000010011100010001010001100011
00000011001101010001001001100011
00000010111010010001000001100011
00000001010001101001111001100011
00000000010100011001110001100011
00000000010011101001101001100011
00000001000110000001100001100011
00000000100000001001011001100011
00000101010000000000000010010011
00000000100000000000000001101111
00000100011000000000000010010011
