00000000101100000000011110010011
11111010100000000000100000010011
00000111100100000000101100010011
00001010011000000000000100010011
00000000001000000000001000010011
00000001000001111100010001100011
00000001000001111101111001100011
01000000001010110000100100110011
00000000001010110111010000110011
00000001001001000000010000110011
00000000010001000101010000110011
11111111110000000000011010010011
00000010110101000001001001100011
00000000001010110110100100110011
00000000001010110100010000110011
00000001001001000000010000110011
01000000010001000101010000110011
00000111011100000000011010010011
00000000110101000001011001100011
00000101010000000000000010010011
00000000100000000000000001101111
00000100011000000000000010010011
