00000000010000000000010110010011
00000000000000000000011100010011
00000000000000000000101010010011
00000100110000000000011010010011
00000011100000000000101000010011
00000100110000000000000110010011
00000011110000000000011110010011
00000000100000000000111010010011
00000001010001101001010000100011
00000000001101101001011000100011
00000000111101101001100000100011
00000001110101101001101000100011
00000000001010101001111100010011
00000000110111110000001100110011
00000000100000110001101100000011
00000001011001110000011100110011
00000000000110101000101010010011
00000000101110101000010001100011
11111110100111111111000001101111
00001100100000000000110010010011
00000000111011001001011001100011
00000101010000000000000010010011
00000000100000000000000001101111
00000100011000000000000010010011
