00000000101000000000000010010011
00001010011100000000011010010011
00000000110100001010001010110011
00000000110100001110010001100011
00000000110100001111111001100011
00001001010100001110101110010011
01000000000101101000011000110011
01000000000101100101011000010011
00000000000001100111011000110011
00000000000000000000010010010011
00000000100101100000111001100011
00001001101000001110101110010011
01000000000101101000011000110011
01000000001101100101011000010011
00000000000001100111011000110011
00000000000000000000010010010011
00000000100101100000001001100011
00000101010000000000000010010011
00000000100000000000000001101111
00000100011000000000000010010011
