00000000000000000100111110110111
00000000000000000100110010110111
00000000000000001000101010110111
00000000000000000101010010110111
00000001000011111000100000100011
00000000111011001000100000100011
00000000010010101000100000100011
00000001010001001000100000100011
00000001000001001000100010000011
00000001000010101000001010000011
00000001000011001000000100000011
00000001000011111000110100000011
00000001000011010001110001100011
00000000111000010001101001100011
00000000010000101001100001100011
00000001010010001001011001100011
00000101010000000000000010010011
00000000100000000000000001101111
00000100011000000000000010010011
