10000000000000000000100000010011
00000100010100000000101000010011
00000001010010000011001100110011
00000001010010000110010001100011
00000001010010000111111001100011
00000110000110000110111000010011
01000001000010100000010000110011
01000000010001000101010000010011
00000000000001000111010000110011
00000000000000000000010100010011
00000000101001000000111001100011
00000101111110000110111000010011
01000001000010100000010000110011
01000000000101000101010000010011
00000000000001000111010000110011
00000000000000000000010100010011
00000000101001000000001001100011
00000101010000000000000010010011
00000000100000000000000001101111
00000100011000000000000010010011
