00001010111000000000110000010011
00000100101100000000000100010011
00000100011100000000010000010011
00000111110100000000101010010011
00000000001100000000011100010011
00000000001011000100010001100011
00000000001011000101111001100011
01000001010101000000010100110011
00000001010101000111001100110011
00001000010100110010001100010011
00000000111000110101001100110011
00000000000100000000111110010011
00000011111100110001001001100011
00000001010101000110010100110011
00000001010101000100001100110011
00001010101000110011001100010011
01000000111000110101001100110011
00000001011100000000111110010011
00000001111100110001011001100011
00000101010000000000000010010011
00000000100000000000000001101111
00000100011000000000000010010011
