00000100010000000000000010010011
00001100011100000000111010010011
00000001110100001010001010110011
00000001110100001110010001100011
00000001110100001111111001100011
00000000000000001110111110010011
01000000000111101000110110110011
01000000000011011101110110010011
00000000000011011111110110110011
00000000000000000000001100010011
00000000011011011000111001100011
00001010000000001110111110010011
01000000000111101000110110110011
01000000001011011101110110010011
00000000000011011111110110110011
00000000000000000000001100010011
00000000011011011000001001100011
00000101010000000000000010010011
00000000100000000000000001101111
00000100011000000000000010010011
