00000001000000000000011000010011
00000000000100000000000010010011
00000000000100000000010110010011
00000000001100000000010010010011
00000010000001100000000001100011
00000010101101100000010001100011
00000010100101100100100001100011
00000000101100001000011110110011
00000000000001011000000010010011
00000000000001111000010110010011
00000000000101001000010010010011
11111110110111111111000001101111
00000000000000000000011110010011
00000000000000000000000100010011
00000010001001111001000001100011
00000000000100000000011110010011
00000000000100000000111100010011
00000001111001111001101001100011
00111101101100000000010000010011
11111110100001111001100011100011
00000101010000000000000010010011
00000000100000000000000001101111
00000100011000000000000010010011
