00000010000100000000010010010011
00000111101100000000000100010011
00000010100100000000100000010011
00000000001001001110010001100011
00000000001001001111111001100011
00000100101110000000000010010011
00000111011010000111100010010011
00000000000110001000100010110011
00000000000110001101100010010011
00000100101000000000010100010011
00000010101010001001001001100011
00000100100010000110000010010011
00001000010010000100100010010011
00000000000110001000100010110011
01000000010010001101100010010011
00000001000100000000010100010011
00000000101010001001011001100011
00000101010000000000000010010011
00000000100000000000000001101111
00000100011000000000000010010011
