00001010001000000000110110010011
10000000000000000000100110010011
00101001110011011010010110010011
00000001001111011110010001100011
00000001001111011111111001100011
00000011111011011110001000010011
01000001101110011000000100110011
01000000010000010101000100010011
00000000000000010111000100110011
00000000000000000000010000010011
00000000100000010000111001100011
00000000111011011110001000010011
01000001101110011000000100110011
01000000010000010101000100010011
00000000000000010111000100110011
00000000000000000000010000010011
00000000100000010000001001100011
00000101010000000000000010010011
00000000100000000000000001101111
00000100011000000000000010010011
