10000000000000000000000110010011
00001010010100000000011110010011
00000000111100011011011000110011
00000000111100011110010001100011
00000000111100011111111001100011
00000111101000011110101100010011
01000000001101111000110110110011
01000000000011011101110110010011
00000000000011011111110110110011
00000000000000000000111100010011
00000001111011011000111001100011
00000100011100011110101100010011
01000000001101111000110110110011
01000000001011011101110110010011
00000000000011011111110110110011
00000000000000000000111100010011
00000001111011011000001001100011
00000101010000000000000010010011
00000000100000000000000001101111
00000100011000000000000010010011
