00001110000000000000101110010011
00011001111000000000110000010011
00011100010100000000110010010011
00011001011100000000110100010011
00001010100100000000110110010011
00001111001100000000111000010011
00000000010100000000111010010011
00010010110000000000111100010011
00011000110100000000111110010011
00000001011110111000101110110011
00000001100011000100110000110011
01000001100111001000110010110011
00000001101011010101110100110011
00000001101111011111110110110011
01000001110011100101111000110011
00000001110111101001111010110011
00000001111011110110111100110011
00000001111111111000111110110011
00011100000000000000000100010011
00000000000000000000000110010011
00000000000000000000001000010011
00000000000000000000001010010011
00001010100100000000001100010011
00000000000000000000001110010011
00001010000000000000010000010011
00010010110000000000010010010011
00110001101000000000010100010011
00000010001010111001011001100011
00000010001111000001010001100011
00000010010011001001001001100011
00000010010111010001000001100011
00000000011011011001111001100011
00000000011111100001110001100011
00000000100011101001101001100011
00000000100111110001100001100011
00000000101011111001011001100011
00000101010000000000000010010011
00000000100000000000000001101111
00000100011000000000000010010011
