00000111100000000000100110010011
00001011001000000000001110010011
00000010110100000000101100010011
00000000011110011110010001100011
00000000011110011111111001100011
00001001100110110000010110010011
00000001100110110111011010010011
00000000101101101000011010110011
00000000001101101101011010010011
00000001100100000000011110010011
00000010111101101001001001100011
00000010100010110110010110010011
00000011110110110100011010010011
00000000101101101000011010110011
01000000000101101101011010010011
00000001111000000000011110010011
00000000111101101001011001100011
00000101010000000000000010010011
00000000100000000000000001101111
00000100011000000000000010010011
