00000010011100000000111100010011
10000000000000000000010010010011
00000011001011110010111110010011
00000000100111110110010001100011
00000000100111110111111001100011
00000100001011110110000110010011
01000001111001001000101000110011
01000000010010100101101000010011
00000000000010100111101000110011
00000000000000000000110000010011
00000001100010100000111001100011
00000000000111110110000110010011
01000001111001001000101000110011
01000000000110100101101000010011
00000000000010100111101000110011
00000000000000000000110000010011
00000001100010100000001001100011
00000101010000000000000010010011
00000000100000000000000001101111
00000100011000000000000010010011
