00000000010000000000110100010011
00000000000000000000001000110011
00000000000000000000010010110011
00000010010000000000000100010011
00000000001000000000101100010011
00000010110000000000111000010011
00000011010000000000101000010011
00000001000000000000010100010011
00000010110000000000010110010011
00000011110000010000100000100011
00000011010000010000101000100011
00000010101000010000110000100011
00000010101100010000111000100011
00000001011001001001110110110011
00000000001011011000001100110011
00000011000000110100110010000011
00000001100100100000001000110011
00000000000101001000010010010011
00000001101001001000010001100011
11111110100111111111000001101111
00001001110000000000001110010011
00000000010000111001011001100011
00000101010000000000000010010011
00000000100000000000000001101111
00000100011000000000000010010011
