00000000000000001001110010110111
00000000000000001000111000110111
00000000000000000010011000110111
00000000000000000001010110110111
00000000111111001010111000100011
00000010010111100010000000100011
00000011111101100010001000100011
00000010011101011010010000100011
00000010100001011010100010000011
00000010010001100010111100000011
00000010000011100010000110000011
00000001110011001010110000000011
00000000111111000001110001100011
00000000010100011001101001100011
00000001111111110001100001100011
00000000011110001001011001100011
00000101010000000000000010010011
00000000100000000000000001101111
00000100011000000000000010010011
