00000000010000000000110100010011
00000000000000000000100000110011
00000000000000000000011110110011
00000010000000000000000010010011
00000000000000000000000100010011
00000001010000000000010010010011
00000001010000000000101000010011
00000001010000000000111100010011
00000000001000001000011000100011
00000000100100001000100000100011
00000001010000001000101000100011
00000001111000001000110000100011
00000000001001111001110110010011
00000000000111011000110010110011
00000000110011001000011100000011
00000000111010000000100000110011
00000000000101111000011110010011
00000001101001111000010001100011
11111110100111111111000001101111
00000011110000000000100100010011
00000001000010010001011001100011
00000101010000000000000010010011
00000000100000000000000001101111
00000100011000000000000010010011
