00000011111100000000000110010011
00000011111000000000011110010011
00000000111100011011100110110011
00000000111100011110010001100011
00000000111100011111111001100011
00000111001000011110110110010011
01000000001101111000110000110011
01000000010011000101110000010011
00000000000011000111110000110011
00000000000000000000011010010011
00000000110111000000111001100011
00000111011000011110110110010011
01000000001101111000110000110011
01000000001111000101110000010011
00000000000011000111110000110011
00000000000000000000011010010011
11111100110111000000101011100011
00000101010000000000000010010011
00000000100000000000000001101111
00000100011000000000000010010011
