00000010001100000000111000010011
00000011100100000000001010010011
00000010001100000000000100010011
00000000010111100110010001100011
00000000010111100111111001100011
00000100100100010000011010010011
00001011000000010111100000010011
00000000110110000000100000110011
00000000000010000101100000010011
00001000110000000000111110010011
00000011111110000001001001100011
00000011100000010110011010010011
00000101100000010100100000010011
00000000110110000000100000110011
01000000001110000101100000010011
00000001011000000000111110010011
00000001111110000001011001100011
00000101010000000000000010010011
00000000100000000000000001101111
00000100011000000000000010010011
