10000000000000000000110100010011
00001100010000000000000100010011
00000000001011010011100010110011
00000000001011010110010001100011
00000000001011010111111001100011
00000110110011010110010010010011
01000001101000010000101110110011
01000000001010111101101110010011
00000000000010111111101110110011
00000000000000000000010100010011
00000000101010111000111001100011
00000010000111010110010010010011
01000001101000010000101110110011
01000000000110111101101110010011
00000000000010111111101110110011
00000000000000000000010100010011
00000000101010111000001001100011
00000101010000000000000010010011
00000000100000000000000001101111
00000100011000000000000010010011
