00000011001100000000100110010011
00001010111000000000111100010011
00000000000000000000110110010011
00000001111010011110010001100011
00000001111010011111111001100011
00001000010111011000011010010011
00000100000011011111011000010011
00000000110101100000011000110011
00000000001001100101011000010011
00000010000100000000000010010011
00000010000101100001001001100011
00000010001011011110011010010011
00001001010111011100011000010011
00000000110101100000011000110011
01000000000001100101011000010011
00001011011100000000000010010011
00000000000101100001011001100011
00000101010000000000000010010011
00000000100000000000000001101111
00000100011000000000000010010011
