00000000000000000000111010110111
00000000000000000110111110110111
00000000000000000000010000110111
00000000000000000010010110110111
00000111010111101010000000100011
00000110001111111010001000100011
00000111100101000010010000100011
00000111010001011010011000100011
00000110110001011010001100000011
00000110100001000010111000000011
00000110010011111010011010000011
00000110000011101010010100000011
00000001010101010001110001100011
00000000001101101001101001100011
00000001100111100001100001100011
00000001010000110001011001100011
00000101010000000000000010010011
00000000100000000000000001101111
00000100011000000000000010010011
