00001100000000000000100100010011
10000000000000000000011100010011
00101111110110010010010000010011
00000000111010010110010001100011
00000000111010010111111001100011
00001001011010010110011010010011
01000001001001110000001010110011
01000000000000101101001010010011
00000000000000101111001010110011
00000000000000000000110010010011
00000001100100101000111001100011
00000111010010010110011010010011
01000001001001110000001010110011
01000000010000101101001010010011
00000000000000101111001010110011
00000000000000000000110010010011
00000001100100101000001001100011
00000101010000000000000010010011
00000000100000000000000001101111
00000100011000000000000010010011
