00000111001000000000100100010011
00000101000100000000001010010011
00000100111000000000111010010011
00000000010110010110010001100011
00000000010110010111111001100011
00001001010111101000010000010011
00000001011011101111011010010011
00000000100001101000011010110011
00000000001001101101011010010011
00000011101000000000100010010011
00000011000101101001001001100011
00001100000011101110010000010011
00000111001011101100011010010011
00000000100001101000011010110011
01000000001001101101011010010011
00000100001000000000100010010011
00000001000101101001011001100011
00000101010000000000000010010011
00000000100000000000000001101111
00000100011000000000000010010011
