00000000010000000000110000010011
00000000000000000000111000110011
00000000000000000000101110110011
00000000110000000000010000010011
00000000001000000000011110010011
00000001000000000000111100010011
00000000000000000000001000010011
00000000000000000000100110010011
00000010000000000000100000010011
00000011111001000000110000100011
00000010010001000000111000100011
00000101001101000000000000100011
00000101000001000000001000100011
00000000111110111001101000110011
00000000100010100000111010110011
00000011100011101100000010000011
00000000000111100000111000110011
00000000000110111000101110010011
00000001100010111000010001100011
11111110100111111111000001101111
00000011000000000000011100010011
00000001110001110001011001100011
00000101010000000000000010010011
00000000100000000000000001101111
00000100011000000000000010010011
