00000000010000000000110110010011
00000000000000000000101010110011
00000000000000000000100110110011
00000010000000000000011100010011
00000000001000000000101000010011
00000011110000000000101100010011
00000010110000000000000010010011
00000000100000000000111100010011
00000100100000000000001100010011
00000011011001110001100000100011
00000010000101110001101000100011
00000011111001110001110000100011
00000010011001110001111000100011
00000001010010011001000100110011
00000000111000010000000110110011
00000011000000011101010110000011
00000000101110101000101010110011
00000000000110011000100110010011
00000001101110011000010001100011
11111110100111111111000001101111
00001011100000000000111110010011
00000001010111111001011001100011
00000101010000000000000010010011
00000000100000000000000001101111
00000100011000000000000010010011
