10000000000000000000011010010011
00000110010000000000110110010011
00000001101101101011101000110011
00000001101101101110010001100011
00000001101101101111111001100011
00000000010001101110001110010011
01000000110111011000111110110011
01000000001111111101111110010011
00000000000011111111111110110011
00000000000000000000000100010011
00000000001011111000111001100011
00001011001101101110001110010011
01000000110111011000111110110011
01000000001011111101111110010011
00000000000011111111111110110011
00000000000000000000000100010011
00000000001011111000001001100011
00000101010000000000000010010011
00000000100000000000000001101111
00000100011000000000000010010011
