00000010010100000000101000010011
00000010011100000000110110010011
00000001101110100010011000110011
00000001101110100110010001100011
00000001101110100111111001100011
00000100000110100110010000010011
01000001010011011000110000110011
01000000001011000101110000010011
00000000000011000111110000110011
00000000000000000000000100010011
00000000001011000000111001100011
00000001011110100110010000010011
01000001010011011000110000110011
01000000001111000101110000010011
00000000000011000111110000110011
00000000000000000000000100010011
00000000001011000000001001100011
00000101010000000000000010010011
00000000100000000000000001101111
00000100011000000000000010010011
