00000000010000000000001110010011
00000000000000000000001010110011
00000000000000000000110010110011
00000011110000000000100000010011
00000010000000000000011100010011
00000100010000000000001000010011
00000100010000000000010100010011
00000001110000000000011110010011
00000010111010000000101000100011
00000010010010000000110000100011
00000010101010000000111000100011
00000100111110000000000000100011
00000000001011001001010110010011
00000001000001011000101110110011
00000011010010111000111110000011
00000001111100101000001010110011
00000000000111001000110010010011
00000000011111001000010001100011
11111110100111111111000001101111
00001100010000000000101010010011
00000000010110101001011001100011
00000101010000000000000010010011
00000000100000000000000001101111
00000100011000000000000010010011
