00000000010000000000111000010011
00000000000000000000001000010011
00000000000000000000011010010011
00000001000000000000010110010011
00000001100000000000100110010011
00000000010000000000010000010011
00000011000000000000111110010011
00000001010000000000111100010011
00000001001101011001001000100011
00000000100001011001010000100011
00000001111101011001011000100011
00000001111001011001100000100011
00000000001001101001101000010011
00000000101110100000000110110011
00000000010000011001110110000011
00000001101100100000001000110011
00000000000101101000011010010011
00000001110001101000010001100011
11111110100111111111000001101111
00000110000000000000011110010011
00000000010001111001011001100011
00000101010000000000000010010011
00000000100000000000000001101111
00000100011000000000000010010011
