00000000010000000000110110010011
00000000000000000000001000110011
00000000000000000000010100110011
00000010000000000000100110010011
00001001010000000000001100010011
00000011000000000000011110010011
00000011010000000000001110010011
00000000100000000000000010010011
00000010011010011010001000100011
00000010111110011010010000100011
00000010011110011010011000100011
00000010000110011010100000100011
00000000001001010001000100010011
00000001001100010000010010110011
00000010010001001010111100000011
00000001111000100000001000110011
00000000000101010000010100010011
00000001101101010000010001100011
11111110100111111111000001101111
00010000000000000000110010010011
00000000010011001001011001100011
00000101010000000000000010010011
00000000100000000000000001101111
00000100011000000000000010010011
00000000000000000000000001101111
00101001101000000000000010010011
00000010000100000010000000100011
