00000000101000000000111010010011
00000000100100000000011010010011
00000000110111101011001000110011
00000000110111101110010001100011
00000000110111101111111001100011
00000110100011101110011110010011
01000001110101101000010100110011
01000000000101010101010100010011
00000000000001010111010100110011
00000000000000000000110010010011
00000001100101010000111001100011
00000110110111101110011110010011
01000001110101101000010100110011
01000000001001010101010100010011
00000000000001010111010100110011
00000000000000000000110010010011
11111101100101010000101011100011
00000101010000000000000010010011
00000000100000000000000001101111
00000100011000000000000010010011
