00000011110100000000000010010011
00000011100100000000011100010011
00000011100100001011111000010011
00000000111000001110010001100011
00000000111000001111111001100011
00001011101100001110001100010011
01000000000101110000111100110011
01000000000111110101111100010011
00000000000011110111111100110011
00000000000000000000110110010011
00000001101111110000111001100011
00001000111100001110001100010011
01000000000101110000111100110011
01000000001111110101111100010011
00000000000011110111111100110011
00000000000000000000110110010011
00000001101111110000001001100011
00000101010000000000000010010011
00000000100000000000000001101111
00000100011000000000000010010011
