00000000000000001000101010110111
00000000000000000110011100110111
00000000000000000011001110110111
00000000000000000000101110110111
00000000000000000001101000110111
00000000000000001000010010110111
00000000000000000101011110110111
00000000000000000100111000110111
00000000101010101010111000100011
00000010011001110010000000100011
00000011100100111010001000100011
00000010010110111010010000100011
00000011001010100010011000100011
00000010001001001010100000100011
00000010110001111010101000100011
00000011111111100010110000100011
00000011100011100010010110000011
00000011010001111010100000000011
00000011000001001010010000000011
00000010110010100010110000000011
00000010100010111010110110000011
00000010010000111010110100000011
00000010000001110010101100000011
00000001110010101010000110000011
00000010101000011001010001100011
00000010011010110001001001100011
00000011100111010001000001100011
00000000010111011001111001100011
00000001001011000001110001100011
00000000001001000001101001100011
00000000110010000001100001100011
00000001111101011001011001100011
00000101010000000000000010010011
00000000100000000000000001101111
00000100011000000000000010010011
