00000101001000000000110100010011
00001000111000000000010110010011
00001010101000000000111110010011
00000000101111010110010001100011
00000000101111010111111001100011
00000011101111111000110110010011
00000001010011111111100000010011
00000001101110000000100000110011
00000000001110000101100000010011
00000001110000000000011010010011
00000010110110000001001001100011
00000010001111111110110110010011
00000011010011111100100000010011
00000001101110000000100000110011
01000000000010000101100000010011
00010100100100000000011010010011
00000000110110000001011001100011
00000101010000000000000010010011
00000000100000000000000001101111
00000100011000000000000010010011
