00000101011100000000110110010011
11111111010000000000010000010011
00001100001000000000100100010011
00001011111000000000011110010011
00000000001100000000010010010011
00000000100011011100010001100011
00000000100011011101111001100011
01000000111110010000000100110011
00000000111110010111111100110011
00000000001011110000111100110011
00000000100111110101111100110011
00000001000000000000001000010011
00000010010011110001001001100011
00000000111110010110000100110011
00000000111110010100111100110011
00000000001011110000111100110011
01000000100111110101111100110011
00000010111100000000001000010011
00000000010011110001011001100011
00000101010000000000000010010011
00000000100000000000000001101111
00000100011000000000000010010011
