00000000000000000000110000010111
00000000000000001001001110010111
00000000000000000111100110010111
00000000000000000100001010010111
00000000000000001001100000110111
00000000000000000011111110110111
00000000000000000101011110110111
00000000000000000111100100110111
00000110100111000010101000100011
00000110000100111010110000100011
00000110001110011010111000100011
00001001010100101010000000100011
00001001011110000010001000100011
00001001110011111010010000100011
00001001100101111010011000100011
00001001010010010010100000100011
00001001000010010010100010000011
00001000110001111010101100000011
00001000100011111010110110000011
00001000010010000010010000000011
00001000000000101010011010000011
00000111110010011010001100000011
00000111100000111010000100000011
00000111010011000010110100000011
00000010100111010001010001100011
00000010000100010001001001100011
00000010001100110001000001100011
00000001010101101001111001100011
00000001011101000001110001100011
00000001110011011001101001100011
00000001100110110001100001100011
00000001010010001001011001100011
00000101010000000000000010010011
00000000100000000000000001101111
00000100011000000000000010010011
