00000000010000000000110000010011
00000000000000000000001010110011
00000000000000000000111100110011
00000010100000000000111000010011
00000001000000000000101000010011
00000000110000000000001100010011
00000010000000000000000010010011
00000010110000000000001000010011
00000001010011100000010000100011
00000000011011100000011000100011
00000000000111100000100000100011
00000000010011100000101000100011
00000000001011110001000100010011
00000001110000010000010010110011
00000000100001001000011010000011
00000000110100101000001010110011
00000000000111110000111100010011
00000001100011110000010001100011
11111110100111111111000001101111
00000110100000000000101010010011
00000000010110101001011001100011
00000101010000000000000010010011
00000000100000000000000001101111
00000100011000000000000010010011
