00000000000000001000110110110111
00000000000000000000111000110111
00000000000000000010111110110111
00000000000000000010110010110111
00000101010111011010001000100011
00000101111011100010010000100011
00000100011011111010011000100011
00000100001111001010100000100011
00000101000011001010011000000011
00000100110011111010011100000011
00000100100011100010010100000011
00000100010011011010001110000011
00000001010100111001110001100011
00000001111001010001101001100011
00000000011001110001100001100011
00000000001101100001011001100011
00000101010000000000000010010011
00000000100000000000000001101111
00000100011000000000000010010011
