00000000010000000000101100010011
00000000000000000000011100110011
00000000000000000000111000110011
00000011000000000000101000010011
00001011000000000000100010010011
00000100000000000000101110010011
00000000100000000000001000010011
00000011000000000000011000010011
00000011000110100010001000100011
00000011011110100010010000100011
00000010010010100010011000100011
00000010110010100010100000100011
00000000001011100001100100010011
00000001010010010000010010110011
00000010010001001010110110000011
00000001101101110000011100110011
00000000000111100000111000010011
00000001011011100000010001100011
11111110100111111111000001101111
00010010100000000000000110010011
00000000111000011001011001100011
00000101010000000000000010010011
00000000100000000000000001101111
00000100011000000000000010010011
