00000000000000000011111110010111
00000000000000000110100000010111
00000000000000000000010100010111
00000000000000001000111100010111
00000000000000000010000110110111
00000000000000001001101110110111
00000000000000000011001110110111
00000000000000000000011010110111
00000110011011111010101000100011
00000111101010000010110000100011
00000110000101010010111000100011
00001001001011110010000000100011
00001000110000011010001000100011
00001000100110111010010000100011
00001000010100111010011000100011
00001001100001101010100000100011
00001001000001101010111000000011
00001000110000111010110110000011
00001000100010111010111010000011
00001000010000011010110010000011
00001000000011110010100010000011
00000111110001010010011110000011
00000111100010000010010110000011
00000111010011111010101000000011
00000010011010100001010001100011
00000011101001011001001001100011
00000010000101111001000001100011
00000001001010001001111001100011
00000000110011001001110001100011
00000000100111101001101001100011
00000000010111011001100001100011
00000001100011100001011001100011
00000101010000000000000010010011
00000000100000000000000001101111
00000100011000000000000010010011
