00000000010000000000100110010011
00000000000000000000111100110011
00000000000000000000010010110011
00000000010000000000011110010011
00000011010000000000001100010011
00000100110000000000010000010011
00000001000000000000110110010011
00000010100000000000010100010011
00000010011001111000111000100011
00000100100001111000000000100011
00000101101101111000001000100011
00000100101001111000010000100011
00000000001001001001101000010011
00000000111110100000110010110011
00000011110011001000001010000011
00000000010111110000111100110011
00000000000101001000010010010011
00000001001101001000010001100011
11111110100111111111000001101111
00001011100000000000101100010011
00000001111010110001011001100011
00000101010000000000000010010011
00000000100000000000000001101111
00000100011000000000000010010011
