00000000000000000001100100110111
00000000000000000111010110110111
00000000000000000010010010110111
00000000000000000101011100110111
00000110011110010010010000100011
00000111110001011010011000100011
00000111110101001010100000100011
00000111101101110010101000100011
00000111010001110010100010000011
00000111000001001010010100000011
00000110110001011010001000000011
00000110100010010010011110000011
00000000011101111001110001100011
00000001110000100001101001100011
00000001110101010001100001100011
00000001101110001001011001100011
00000101010000000000000010010011
00000000100000000000000001101111
00000100011000000000000010010011
