00000101010100000000101000010011
00000101010000000000100100010011
00000001001010100011001110110011
00000001001010100110010001100011
00000001001010100111111001100011
00000111010010100110000100010011
01000001010010010000111110110011
01000000000011111101111110010011
00000000000011111111111110110011
00000000000000000000110000010011
00000001100011111000111001100011
00000011100110100110000100010011
01000001010010010000111110110011
01000000000111111101111110010011
00000000000011111111111110110011
00000000000000000000110000010011
11111101100011111000101011100011
00000101010000000000000010010011
00000000100000000000000001101111
00000100011000000000000010010011
