00001000001100000000111000010011
10000000000000000000101000010011
00010010010111100010101010010011
00000001010011100110010001100011
00000001010011100111111001100011
00001001000011100110110000010011
01000001110010100000100110110011
01000000000010011101100110010011
00000000000010011111100110110011
00000000000000000000100000010011
00000001000010011000111001100011
00000011101111100110110000010011
01000001110010100000100110110011
01000000001010011101100110010011
00000000000010011111100110110011
00000000000000000000100000010011
00000001000010011000001001100011
00000101010000000000000010010011
00000000100000000000000001101111
00000100011000000000000010010011
