00000010111000000000011010010011
00000010110100000000111000010011
00000001110001101011101000110011
00000001110001101110010001100011
00000001110001101111111001100011
00000111011001101110000100010011
01000000110111100000011100110011
01000000001101110101011100010011
00000000000001110111011100110011
00000000000000000000101100010011
00000001011001110000111001100011
00000110011001101110000100010011
01000000110111100000011100110011
01000000000001110101011100010011
00000000000001110111011100110011
00000000000000000000101100010011
11111101011001110000101011100011
00000101010000000000000010010011
00000000100000000000000001101111
00000100011000000000000010010011
