00000000111000000000100110010011
00000000000100000000011100010011
00000000000100000000011010010011
00000000001100000000010000010011
00000010000010011000000001100011
00000010110110011000010001100011
00000010100010011100100001100011
00000000110101110000111110110011
00000000000001101000011100010011
00000000000011111000011010010011
00000000000101000000010000010011
11111110110111111111000001101111
00000000000000000000111110010011
00000000000000000000100000010011
00000011000011111001000001100011
00000000000100000000111110010011
00000000000100000000000110010011
00000000001111111001101001100011
00010111100100000000101110010011
11111111011111111001100011100011
00000101010000000000000010010011
00000000100000000000000001101111
00000100011000000000000010010011
