00000011000000000000011100010011
11111100110100000000110100010011
00000111010100000000010010010011
00000110000000000000100110010011
00000000010000000000000100010011
00000001101001110100010001100011
00000001101001110101111001100011
01000001001101001000101110110011
00000001001101001111010000110011
00000001011101000000010000110011
00000000001001000101010000110011
00000000011100000000011000010011
00000010110001000001001001100011
00000001001101001110101110110011
00000001001101001100010000110011
00000001011101000000010000110011
01000000001001000101010000110011
00000000100000000000011000010011
00000000110001000001011001100011
00000101010000000000000010010011
00000000100000000000000001101111
00000100011000000000000010010011
