00000000010000000000111100010011
00000000000000000000110100110011
00000000000000000000100000110011
00000011110000000000101110010011
00000000001000000000010110010011
00000010110000000000011010010011
00000100100000000000010010010011
00000011010000000000001110010011
00000000100000000000010000010011
00000000110110111001111000100011
00000010100110111001000000100011
00000010011110111001001000100011
00000010100010111001010000100011
00000000101110000001100100110011
00000001011110010000111110110011
00000001110011111101001100000011
00000000011011010000110100110011
00000000000110000000100000010011
00000001111010000000010001100011
11111110100111111111000001101111
00001011000000000000011100010011
00000001101001110001011001100011
00000101010000000000000010010011
00000000100000000000000001101111
00000100011000000000000010010011
