10000000000000000000100010010011
00000010111000000000110010010011
00000001100110001011110100110011
00000001100110001110010001100011
00000001100110001111111001100011
00000101101110001110100000010011
01000001000111001000101010110011
01000000010010101101101010010011
00000000000010101111101010110011
00000000000000000000100110010011
00000001001110101000111001100011
00001001010010001110100000010011
01000001000111001000101010110011
01000000000110101101101010010011
00000000000010101111101010110011
00000000000000000000100110010011
00000001001110101000001001100011
00000101010000000000000010010011
00000000100000000000000001101111
00000100011000000000000010010011
