00000100011100000000101100010011
10000000000000000000100010010011
00101011111010110010111110010011
00000001000110110110010001100011
00000001000110110111111001100011
00000101111110110110001100010011
01000001011010001000000100110011
01000000001100010101000100010011
00000000000000010111000100110011
00000000000000000000101010010011
00000001010100010000111001100011
00001011110110110110001100010011
01000001011010001000000100110011
01000000000000010101000100010011
00000000000000010111000100110011
00000000000000000000101010010011
00000001010100010000001001100011
00000101010000000000000010010011
00000000100000000000000001101111
00000100011000000000000010010011
