10000000000000000000001110010011
00000100010000000000010110010011
00000000101100111011001010110011
00000000101100111110010001100011
00000000101100111111111001100011
00001000010000111110111010010011
01000000011101011000011010110011
01000000000001101101011010010011
00000000000001101111011010110011
00000000000000000000111110010011
00000001111101101000111001100011
00000010100100111110111010010011
01000000011101011000011010110011
01000000001001101101011010010011
00000000000001101111011010110011
00000000000000000000111110010011
00000001111101101000001001100011
00000101010000000000000010010011
00000000100000000000000001101111
00000100011000000000000010010011
