00000000000000000111101010110111
00000000000000001000110100110111
00000000000000000001001000110111
00000000000000001000111100110111
00000110100110101000010000100011
00000110011011010000010000100011
00000111001100100000010000100011
00000111110111110000010000100011
00000110100011110000011000000011
00000110100000100000100100000011
00000110100011010000001010000011
00000110100010101000100010000011
00000000100110001001110001100011
00000000011000101001101001100011
00000001001110010001100001100011
00000001110101100001011001100011
00000101010000000000000010010011
00000000100000000000000001101111
00000100011000000000000010010011
