00000000010000000000010100010011
00000000000000000000011000110011
00000000000000000000100110110011
00000001010000000000110000010011
00000000100000000000011110010011
00000000100000000000001100010011
00000000000000000000001010010011
00000001010000000000110110010011
00000000111111000000001000100011
00000000011011000000010000100011
00000000010111000000011000100011
00000001101111000000100000100011
00000000001010011001101010010011
00000001100010101000101100110011
00000000010010110000000010000011
00000000000101100000011000110011
00000000000110011000100110010011
00000000101010011000010001100011
11111110100111111111000001101111
00000010010000000000111000010011
00000000110011100001011001100011
00000101010000000000000010010011
00000000100000000000000001101111
00000100011000000000000010010011
