00000000010000000000001100010011
00000000000000000000010110010011
00000000000000000000100110010011
00000011100000000000111110010011
00000001010000000000010000010011
00000001000000000000011010010011
00000001000000000000000100010011
00000001010000000000101100010011
00000010100011111001010000100011
00000010110111111001011000100011
00000010001011111001100000100011
00000011011011111001101000100011
00000000001010011001010100010011
00000001111101010000011100110011
00000010100001110001100000000011
00000001000001011000010110110011
00000000000110011000100110010011
00000000011010011000010001100011
11111110100111111111000001101111
00000100100000000000010010010011
00000000101101001001011001100011
00000101010000000000000010010011
00000000100000000000000001101111
00000100011000000000000010010011
