00000001111100000000011000010011
00000110110000000000010110010011
00000011001000000000111010010011
00000000101101100110010001100011
00000000101101100111111001100011
00000111001111101000111000010011
00001010111111101111001110010011
00000001110000111000001110110011
00000000010000111101001110010011
00000000110000000000100110010011
00000011001100111001001001100011
00000110110011101110111000010011
00000011101111101100001110010011
00000001110000111000001110110011
01000000001000111101001110010011
00000010000100000000100110010011
00000001001100111001011001100011
00000101010000000000000010010011
00000000100000000000000001101111
00000100011000000000000010010011
