00001011111000000000000100010011
00000101101100000000010100010011
00001100011000000000101000010011
00001011111100000000001110010011
00000000001100000000111100010011
00000000101000010100010001100011
00000000101000010101111001100011
01000000011110100000011000110011
00000000011110100111111010110011
00000000110011101000111010110011
00000001111011101101111010110011
00000001000100000000101100010011
00000011011011101001001001100011
00000000011110100110011000110011
00000000011110100100111010110011
00000000110011101000111010110011
01000001111011101101111010110011
00000010111100000000101100010011
00000001011011101001011001100011
00000101010000000000000010010011
00000000100000000000000001101111
00000100011000000000000010010011
