00000000000000001001100000110111
00000000000000001001011110110111
00000000000000001000010000110111
00000000000000000111010100110111
00000001100010000010101000100011
00000001010001111010110000100011
00000000111001000010111000100011
00000010011101010010000000100011
00000010000001010010010110000011
00000001110001000010101100000011
00000001100001111010001010000011
00000001010010000010110110000011
00000001100011011001110001100011
00000001010000101001101001100011
00000000111010110001100001100011
00000000011101011001011001100011
00000101010000000000000010010011
00000000100000000000000001101111
00000100011000000000000010010011
