00000000010000000000100110010011
00000000000000000000010010110011
00000000000000000000010110110011
00000010100000000000000100010011
00000000001000000000101100010011
00000100100000000000111100010011
00000100010000000000011000010011
00000000010000000000111010010011
00000011010000000000111000010011
00000001111000010001010000100011
00000000110000010001011000100011
00000001110100010001100000100011
00000001110000010001101000100011
00000001011001011001110000110011
00000000001011000000000110110011
00000000100000011101101110000011
00000001011101001000010010110011
00000000000101011000010110010011
00000001001101011000010001100011
11111110100111111111000001101111
00001100010000000000001100010011
00000000100100110001011001100011
00000101010000000000000010010011
00000000100000000000000001101111
00000100011000000000000010010011
