00000000000000001000001100110111
00000000000000001000101010110111
00000000000000000100101000110111
00000000000000000110001010110111
00000001001000110010110000100011
00000001011110101010111000100011
00000011100010100010000000100011
00000011101100101010001000100011
00000010010000101010100010000011
00000010000010100010111110000011
00000001110010101010110100000011
00000001100000110010010110000011
00000001001001011001110001100011
00000001011111010001101001100011
00000001100011111001100001100011
00000001101110001001011001100011
00000101010000000000000010010011
00000000100000000000000001101111
00000100011000000000000010010011
