00000000010000000000000010010011
00000000000000000000110000110011
00000000000000000000110010110011
00000010100000000000111000010011
00000100100000000000010100010011
00000000010000000000100110010011
00000001110000000000000110010011
00000100000000000000100100010011
00000110101011100010101000100011
00000111001111100010110000100011
00000110001111100010111000100011
00001001001011100010000000100011
00000000001011001001100000010011
00000001110010000000110110110011
00000111010011011010001100000011
00000000011011000000110000110011
00000000000111001000110010010011
00000000000111001000010001100011
11111110100111111111000001101111
00001010100000000000111100010011
00000001100011110001011001100011
00000101010000000000000010010011
00000000100000000000000001101111
00000100011000000000000010010011
