00000000011000000000101010010011
00000000000100000000110000010011
00000000000100000000110100010011
00000000001100000000011000010011
00000010000010101000000001100011
00000011101010101000010001100011
00000010110010101100100001100011
00000001101011000000000010110011
00000000000011010000110000010011
00000000000000001000110100010011
00000000000101100000011000010011
11111110110111111111000001101111
00000000000000000000000010010011
00000000000000000000100100010011
00000011001000001001000001100011
00000000000100000000000010010011
00000000000100000000001010010011
00000000010100001001101001100011
00000000100000000000010100010011
11111110101000001001100011100011
00000101010000000000000010010011
00000000100000000000000001101111
00000100011000000000000010010011
