00000000000000000011001010010111
00000000000000000101011100010111
00000000000000000010101010010111
00000000000000000111111000010111
00000000000000001001000010110111
00000000000000001000011010110111
00000000000000000010011000110111
00000000000000000110000100110111
00000100011000101010100000100011
00000100101101110010101000100011
00000100011110101010110000100011
00000101011111100010111000100011
00000110010000001010000000100011
00000111000101101010001000100011
00000111111101100010010000100011
00000111010000010010011000100011
00000110110000010010111010000011
00000110100001100010111100000011
00000110010001101010110110000011
00000110000000001010110010000011
00000101110011100010100000000011
00000101100010101010100110000011
00000101010001110010000110000011
00000101000000101010010010000011
00000010011001001001010001100011
00000010101100011001001001100011
00000010011110011001000001100011
00000001011110000001111001100011
00000000010011001001110001100011
00000001000111011001101001100011
00000001111111110001100001100011
00000001010011101001011001100011
00000101010000000000000010010011
00000000100000000000000001101111
00000100011000000000000010010011
