00000000010000000000011000010011
00000000000000000000101000110011
00000000000000000000000110110011
00000011010000000000100100010011
00000010010000000000000100010011
00000000000000000000100000010011
00000011100000000000011100010011
00000000110000000000111100010011
00000000001010010000000000100011
00000001000010010000001000100011
00000000111010010000010000100011
00000001111010010000011000100011
00000000001000011001111110010011
00000001001011111000011110110011
00000000000001111000111000000011
00000001110010100000101000110011
00000000000100011000000110010011
00000000110000011000010001100011
11111110100111111111000001101111
00000110100000000000001010010011
00000001010000101001011001100011
00000101010000000000000010010011
00000000100000000000000001101111
00000100011000000000000010010011
