00000000010000000000011100010011
00000000000000000000001000110011
00000000000000000000010010110011
00000000000000000000001100010011
00000000001000000000110100010011
00000011000000000000010110010011
00000100110000000000110000010011
00000011010000000000111110010011
00000001100000000000110010010011
00000100101100110001000000100011
00000101100000110001001000100011
00000101111100110001010000100011
00000101100100110001011000100011
00000001101001001001100100110011
00000000011010010000101110110011
00000100000010111101011110000011
00000000111100100000001000110011
00000000000101001000010010010011
00000000111001001000010001100011
11111110100111111111000001101111
00001100100000000000010100010011
00000000010001010001011001100011
00000101010000000000000010010011
00000000100000000000000001101111
00000100011000000000000010010011
