00000000101000000000100010010011
11111010011100000000010000010011
00001000111000000000111010010011
00001100001100000000000010010011
00000000000100000000011100010011
00000000100010001100010001100011
00000000100010001101111001100011
01000000000111101000010010110011
00000000000111101111101000110011
00000000100110100010101000110011
00000000111010100101101000110011
00000010011000000000111100010011
00000011111010100001001001100011
00000000000111101110010010110011
00000000000111101100101000110011
00000000100110100011101000110011
01000000111010100101101000110011
00001000111000000000111100010011
00000001111010100001011001100011
00000101010000000000000010010011
00000000100000000000000001101111
00000100011000000000000010010011
