00000010111000000000000100010011
11111100101100000000000010010011
00000110001100000000100100010011
00000111101000000000100110010011
00000000001000000000111110010011
00000000000100010100010001100011
00000000000100010101111001100011
01000001001110010000110000110011
00000001001110010111011000110011
00000001100001100000011000110011
00000001111101100101011000110011
00000001001000000000100000010011
00000011000001100001001001100011
00000001001110010110110000110011
00000001001110010100011000110011
00000001100001100000011000110011
01000001111101100101011000110011
00000010010100000000100000010011
00000001000001100001011001100011
00000101010000000000000010010011
00000000100000000000000001101111
00000100011000000000000010010011
