00000011000000000000111110010011
10000000000000000000110010010011
00001110111011111010000110010011
00000001100111111110010001100011
00000001100111111111111001100011
00000110111111111110000100010011
01000001111111001000010010110011
01000000001001001101010010010011
00000000000001001111010010110011
00000000000000000000101010010011
00000001010101001000111001100011
00001010110011111110000100010011
01000001111111001000010010110011
01000000000101001101010010010011
00000000000001001111010010110011
00000000000000000000101010010011
00000001010101001000001001100011
00000101010000000000000010010011
00000000100000000000000001101111
00000100011000000000000010010011
