10000000000000000000110110010011
00000010110100000000001100010011
00000000011011011011000010110011
00000000011011011110010001100011
00000000011011011111111001100011
00000010001111011110101110010011
01000001101100110000001000110011
01000000001000100101001000010011
00000000000000100111001000110011
00000000000000000000110000010011
00000001100000100000111001100011
00001011101011011110101110010011
01000001101100110000001000110011
01000000000100100101001000010011
00000000000000100111001000110011
00000000000000000000110000010011
00000001100000100000001001100011
00000101010000000000000010010011
00000000100000000000000001101111
00000100011000000000000010010011
