00000000000000000011100010110111
00000000000000001001101000110111
00000000000000000101100000110111
00000000000000000111111010110111
00000000010010001000010000100011
00000001101010100000010000100011
00000001100110000000010000100011
00000000101111101000010000100011
00000000100011101000100100000011
00000000100010000000000110000011
00000000100010100000110000000011
00000000100010001000101110000011
00000000010010111001110001100011
00000001101011000001101001100011
00000001100100011001100001100011
00000000101110010001011001100011
00000101010000000000000010010011
00000000100000000000000001101111
00000100011000000000000010010011
