00001010100000000000111000010011
00000100010100000000101100010011
00000000110100000000000100010011
00000001110100000000100100010011
00000000001000000000110010010011
00000001011011100100010001100011
00000001011011100101111001100011
01000001001000010000111110110011
00000001001000010111010110110011
00000001111101011000010110110011
00000001100101011101010110110011
11111111111100000000001010010011
00000010010101011001001001100011
00000001001000010110111110110011
00000001001000010100010110110011
00000001111101011000010110110011
01000001100101011101010110110011
00000000101100000000001010010011
00000000010101011001011001100011
00000101010000000000000010010011
00000000100000000000000001101111
00000100011000000000000010010011
