00000010001100000000110010010011
00000010001000000000000100010011
00000000001011001011111110110011
00000000001011001110010001100011
00000000001011001111111001100011
00000101111011001110001000010011
01000001100100010000011010110011
01000000010001101101011010010011
00000000000001101111011010110011
00000000000000000000011110010011
00000000111101101000111001100011
00000000111011001110001000010011
01000001100100010000011010110011
01000000000001101101011010010011
00000000000001101111011010110011
00000000000000000000011110010011
11111100111101101000101011100011
00000101010000000000000010010011
00000000100000000000000001101111
00000100011000000000000010010011
