00000000000000001000111110110111
00000000000000000101110100110111
00000000000000001000001110110111
00000000000000000010011010110111
00000001100011111000110000100011
00000000010111010000110000100011
00000000100000111000110000100011
00000000001101101000110000100011
00000001100001101000011000000011
00000001100000111000111010000011
00000001100011010000100110000011
00000001100011111000101000000011
00000001100010100001110001100011
00000000010110011001101001100011
00000000100011101001100001100011
00000000001101100001011001100011
00000101010000000000000010010011
00000000100000000000000001101111
00000100011000000000000010010011
