00000000000000000110111100110111
00000000000000000011100010110111
00000000000000000110100100110111
00000000000000000111011010110111
00000000000000000000001110110111
00000000000000000000110000110111
00000000000000001000010000110111
00000000000000000011110100110111
00000011111111110010000000100011
00000011000010001010001000100011
00000010010010010010010000100011
00000011100101101010011000100011
00000011010000111010100000100011
00000010111111000010101000100011
00000010001101000010110000100011
00000011101111010010111000100011
00000011110011010010011100000011
00000011100001000010000100000011
00000011010011000010101110000011
00000011000000111010010100000011
00000010110001101010010110000011
00000010100010010010011000000011
00000010010010001010001100000011
00000010000011110010101100000011
00000011111110110001010001100011
00000011000000110001001001100011
00000010010001100001000001100011
00000001100101011001111001100011
00000001010001010001110001100011
00000000111110111001101001100011
00000000001100010001100001100011
00000001101101110001011001100011
00000101010000000000000010010011
00000000100000000000000001101111
00000100011000000000000010010011
