00000000010000000000000100010011
00000000000100000000010000010011
00000000000100000000011100010011
00000000001100000000001010010011
00000010000000010000000001100011
00000010111000010000010001100011
00000010010100010100100001100011
00000000111001000000100110110011
00000000000001110000010000010011
00000000000010011000011100010011
00000000000100101000001010010011
11111110110111111111000001101111
00000000000000000000100110010011
00000000000000000000010100010011
00000010101010011001000001100011
00000000000100000000100110010011
00000000000100000000100010010011
00000001000110011001101001100011
00000000001100000000001100010011
11111110011010011001100011100011
00000101010000000000000010010011
00000000100000000000000001101111
00000100011000000000000010010011
