10000000000000000000001010010011
00001100011100000000101100010011
00000001011000101011110110110011
00000001011000101110010001100011
00000001011000101111111001100011
00000101000000101110110000010011
01000000010110110000000110110011
01000000000000011101000110010011
00000000000000011111000110110011
00000000000000000000010000010011
00000000100000011000111001100011
00001000001000101110110000010011
01000000010110110000000110110011
01000000000000011101000110010011
00000000000000011111000110110011
00000000000000000000010000010011
00000000100000011000001001100011
00000101010000000000000010010011
00000000100000000000000001101111
00000100011000000000000010010011
