00000000010000000000110000010011
00000000000000000000111010110011
00000000000000000000111100110011
00000000010000000000010000010011
00000000001000000000101110010011
00000010100000000000010010010011
00000011010000000000110110010011
00000100000000000000100110010011
00000001110000000000110100010011
00000000100101000000110000100011
00000001101101000000111000100011
00000011001101000000000000100011
00000011101001000000001000100011
00000001011111110001100000110011
00000000100010000000001010110011
00000001100000101100111110000011
00000001111111101000111010110011
00000000000111110000111100010011
00000001100011110000010001100011
11111110100111111111000001101111
00001011100000000000000010010011
00000001110100001001011001100011
00000101010000000000000010010011
00000000100000000000000001101111
00000100011000000000000010010011
