00000000010000000000110000010011
00000000000000000000111100110011
00000000000000000000000010110011
00000001100000000000011010010011
00000010100000000000111000010011
00000000110000000000000110010011
00000000000000000000100000010011
00000010110000000000001110010011
00000001110001101010001000100011
00000000001101101010010000100011
00000001000001101010011000100011
00000000011101101010100000100011
00000000001000001001100110010011
00000000110110011000001010110011
00000000010000101010100100000011
00000001001011110000111100110011
00000000000100001000000010010011
00000001100000001000010001100011
11111110100111111111000001101111
00000110000000000000010100010011
00000001111001010001011001100011
00000101010000000000000010010011
00000000100000000000000001101111
00000100011000000000000010010011
