00000000010000000000010100010011
00000000000000000000101100110011
00000000000000000000111010110011
00000100000000000000110010010011
00000000001000000000000010010011
00000000100000000000011010010011
00000100000000000000111100010011
00000001000000000000000110010011
00000000100000000000010010010011
00000000110111001001011000100011
00000001111011001001100000100011
00000000001111001001101000100011
00000000100111001001110000100011
00000000000111101001101110110011
00000001100110111000001110110011
00000000110000111101010000000011
00000000100010110000101100110011
00000000000111101000111010010011
00000000101011101000010001100011
11111110100111111111000001101111
00000110000000000000101000010011
00000001011010100001011001100011
00000101010000000000000010010011
00000000100000000000000001101111
00000100011000000000000010010011
