00000000000000000111000110010111
00000000000000000110010110010111
00000000000000000001111110010111
00000000000000000010111000010111
00000000000000000100010000110111
00000000000000001000100010110111
00000000000000000111011110110111
00000000000000000100000010110111
00000100110000011010111000100011
00000111111001011010000000100011
00000111010111111010001000100011
00000110010111100010010000100011
00000111100101000010011000100011
00000111001010001010100000100011
00000111010001111010101000100011
00000111101000001010110000100011
00000111100000001010001000000011
00000111010001111010100110000011
00000111000010001010101110000011
00000110110001000010010010000011
00000110100011100010000100000011
00000110010011111010011100000011
00000110000001011010110110000011
00000101110000011010110000000011
00000010110011000001010001100011
00000011111011011001001001100011
00000011010101110001000001100011
00000000010100010001111001100011
00000001100101001001110001100011
00000001001010111001101001100011
00000001010010011001100001100011
00000001101000100001011001100011
00000101010000000000000010010011
00000000100000000000000001101111
00000100011000000000000010010011
