00000000010000000000111110010011
00000000000000000000110010010011
00000000000000000000001110010011
00000010100000000000010000010011
00000011100000000000111010010011
00000100110000000000010010010011
00000001110000000000000110010011
00000011000000000000011110010011
00000011110101000001111000100011
00000100100101000001000000100011
00000100001101000001001000100011
00000100111101000001010000100011
00000000001000111001010110010011
00000000100001011000011000110011
00000011110001100001100110000011
00000001001111001000110010110011
00000000000100111000001110010011
00000001111100111000010001100011
11111110100111111111000001101111
00001101000000000000101010010011
00000001100110101001011001100011
00000101010000000000000010010011
00000000100000000000000001101111
00000100011000000000000010010011
