00000000000000000010011000010111
00000000000000000000111000010111
00000000000000000010110010010111
00000000000000000100101110010111
00000000000000000010110000110111
00000000000000000010100000110111
00000000000000000101010100110111
00000000000000000110010010110111
00000111010001100010100000100011
00000111011011100010101000100011
00000110010111001010110000100011
00000110101110111010111000100011
00001001101111000010000000100011
00001001111010000010001000100011
00001000010001010010010000100011
00001000000101001010011000100011
00001000110001001010100100000011
00001000100001010010111010000011
00001000010010000010000110000011
00001000000011000010011010000011
00000111110010111010011100000011
00000111100011001010011110000011
00000111010011100010100110000011
00000111000001100010001110000011
00000011010000111001010001100011
00000011011010011001001001100011
00000010010101111001000001100011
00000000101101110001111001100011
00000001101101101001110001100011
00000001111000011001101001100011
00000000010011101001100001100011
00000000000110010001011001100011
00000101010000000000000010010011
00000000100000000000000001101111
00000100011000000000000010010011
