00001001100000000000111110010011
10000000000000000000110000010011
00100001011011111010010100010011
00000001100011111110010001100011
00000001100011111111111001100011
00001011000111111110110010010011
01000001111111000000000100110011
01000000010000010101000100010011
00000000000000010111000100110011
00000000000000000000011010010011
00000000110100010000111001100011
00000100100111111110110010010011
01000001111111000000000100110011
01000000000100010101000100010011
00000000000000010111000100110011
00000000000000000000011010010011
00000000110100010000001001100011
00000101010000000000000010010011
00000000100000000000000001101111
00000100011000000000000010010011
