00000101001000000000101000010011
11111110111100000000000010010011
00000101011100000000010110010011
00001100001100000000001100010011
00000000001100000000110100010011
00000000000110100100010001100011
00000000000110100101111001100011
01000000011001011000101010110011
00000000011001011111100000110011
00000000111010000010100000010011
00000001101010000101100000110011
11111111101000000000110010010011
00000011100110000001001001100011
00000000011001011110101010110011
00000000011001011100100000110011
00001011100110000011100000010011
01000001101010000101100000110011
00000010110100000000110010010011
00000001100110000001011001100011
00000101010000000000000010010011
00000000100000000000000001101111
00000100011000000000000010010011
