10000000000000000000101000010011
00000100110000000000000010010011
00000000000110100011011100110011
00000000000110100110010001100011
00000000000110100111111001100011
00000101010010100110011110010011
01000001010000001000001010110011
01000000000000101101001010010011
00000000000000101111001010110011
00000000000000000000010110010011
00000000101100101000111001100011
00000000000110100110011110010011
01000001010000001000001010110011
01000000000100101101001010010011
00000000000000101111001010110011
00000000000000000000010110010011
00000000101100101000001001100011
00000101010000000000000010010011
00000000100000000000000001101111
00000100011000000000000010010011
