10000000000000000000001010010011
00000000010100000000001100010011
00000000011000101011101100110011
00000000011000101110010001100011
00000000011000101111111001100011
00001000001100101110100010010011
01000000010100110000111010110011
01000000000111101101111010010011
00000000000011101111111010110011
00000000000000000000111000010011
00000001110011101000111001100011
00001010111000101110100010010011
01000000010100110000111010110011
01000000001011101101111010010011
00000000000011101111111010110011
00000000000000000000111000010011
00000001110011101000001001100011
00000101010000000000000010010011
00000000100000000000000001101111
00000100011000000000000010010011
