00000000010000000000001000010011
00000000000000000000110110110011
00000000000000000000001100110011
00000100000000000000011110010011
00000001100000000000011010010011
00000001100000000000110010010011
00000000110000000000101000010011
00000010000000000000101010010011
00000100110101111000011000100011
00000101100101111000100000100011
00000101010001111000101000100011
00000101010101111000110000100011
00000000001000110001111100010011
00000000111111110000010000110011
00000100110001000000011000000011
00000000110011011000110110110011
00000000000100110000001100010011
00000000010000110000010001100011
11111110100111111111000001101111
00000101110000000000000110010011
00000001101100011001011001100011
00000101010000000000000010010011
00000000100000000000000001101111
00000100011000000000000010010011
