00000000001000000000010010010011
00000000000100000000101100010011
00000000000100000000010100010011
00000000001100000000000100010011
00000010000001001000000001100011
00000010101001001000010001100011
00000010001001001100100001100011
00000000101010110000111110110011
00000000000001010000101100010011
00000000000011111000010100010011
00000000000100010000000100010011
11111110110111111111000001101111
00000000000000000000111110010011
00000000000000000000101110010011
00000011011111111001000001100011
00000000000100000000111110010011
00000000000100000000100000010011
00000001000011111001101001100011
00000000000100000000011010010011
11111110110111111001100011100011
00000101010000000000000010010011
00000000100000000000000001101111
00000100011000000000000010010011
