00001000110100000000010010010011
00000110111100000000111110010011
00000110111101001011000010010011
00000001111101001110010001100011
00000001111101001111111001100011
00000010010101001110010000010011
01000000100111111000010100110011
01000000000001010101010100010011
00000000000001010111010100110011
00000000000000000000111010010011
00000001110101010000111001100011
00000110011101001110010000010011
01000000100111111000010100110011
01000000000001010101010100010011
00000000000001010111010100110011
00000000000000000000111010010011
00000001110101010000001001100011
00000101010000000000000010010011
00000000100000000000000001101111
00000100011000000000000010010011
