00000000000000000000001000110111
00000000000000000011101110110111
00000000000000000001100100110111
00000000000000000101111010110111
00000101010100100010101000100011
00000101010010111010110000100011
00000101100110010010111000100011
00000111101011101010000000100011
00000110000011101010001100000011
00000101110010010010001010000011
00000101100010111010011000000011
00000101010000100010010110000011
00000001010101011001110001100011
00000001010001100001101001100011
00000001100100101001100001100011
00000001101000110001011001100011
00000101010000000000000010010011
00000000100000000000000001101111
00000100011000000000000010010011
