00001011001100000000001100010011
10000000000000000000100100010011
00101100011100110010011100010011
00000001001000110110010001100011
00000001001000110111111001100011
00000000010100110110111010010011
01000000011010010000000010110011
01000000001100001101000010010011
00000000000000001111000010110011
00000000000000000000111100010011
00000001111000001000111001100011
00000101111000110110111010010011
01000000011010010000000010110011
01000000010000001101000010010011
00000000000000001111000010110011
00000000000000000000111100010011
00000001111000001000001001100011
00000101010000000000000010010011
00000000100000000000000001101111
00000100011000000000000010010011
