00000000000000001000110000110111
00000000000000000100001000110111
00000000000000000010111100110111
00000000000000000011001010110111
00000000000000000001010110110111
00000000000000000001101000110111
00000000000000001000100000110111
00000000000000001001100110110111
00000110111111000010001000100011
00000111101100100010010000100011
00000111010111110010011000100011
00000111001000101010100000100011
00000111011101011010101000100011
00000110111010100010110000100011
00000110011010000010111000100011
00001001111110011010000000100011
00001000000010011010000100000011
00000111110010000010111000000011
00000111100010100010011000000011
00000111010001011010110010000011
00000111000000101010111010000011
00000110110011110010010100000011
00000110100000100010110100000011
00000110010011000010100010000011
00000010111110001001010001100011
00000011101111010001001001100011
00000011010101010001000001100011
00000001001011101001111001100011
00000001011111001001110001100011
00000000111001100001101001100011
00000000011011100001100001100011
00000001111100010001011001100011
00000101010000000000000010010011
00000000100000000000000001101111
00000100011000000000000010010011
