10000000000000000000100010010011
00001011001000000000001100010011
00000000011010001011111100110011
00000000011010001110010001100011
00000000011010001111111001100011
00001011101110001110011100010011
01000001000100110000111000110011
01000000000011100101111000010011
00000000000011100111111000110011
00000000000000000000011010010011
00000000110111100000111001100011
00001001000010001110011100010011
01000001000100110000111000110011
01000000000011100101111000010011
00000000000011100111111000110011
00000000000000000000011010010011
00000000110111100000001001100011
00000101010000000000000010010011
00000000100000000000000001101111
00000100011000000000000010010011
