00000000001000000000111110010011
00001001010100000000101100010011
00000110110100000000101010010011
00000001011011111110010001100011
00000001011011111111111001100011
00000001110110101000101110010011
00001011010110101111011000010011
00000001011101100000011000110011
00000000010001100101011000010011
00000000101000000000010000010011
00000010100001100001001001100011
00001010010010101110101110010011
00001100000010101100011000010011
00000001011101100000011000110011
01000000001001100101011000010011
00000110011000000000010000010011
00000000100001100001011001100011
00000101010000000000000010010011
00000000100000000000000001101111
00000100011000000000000010010011
