00000000000000000010011100010111
00000000000000000001101010010111
00000000000000000001111110010111
00000000000000000010101100010111
00000000000000001000011010110111
00000000000000000111000010110111
00000000000000001000000110110111
00000000000000000001001010110111
00000001001101110010000000100011
00000001011110101010001000100011
00000001110011111010010000100011
00000000011010110010011000100011
00000001001001101010100000100011
00000000100000001010101000100011
00000001111000011010110000100011
00000000011100101010111000100011
00000001110000101010001000000011
00000001100000011010010110000011
00000001010000001010110110000011
00000001000001101010010100000011
00000000110010110010011000000011
00000000100011111010110100000011
00000000010010101010110000000011
00000000000001110010100010000011
00000011001110001001010001100011
00000011011111000001001001100011
00000011110011010001000001100011
00000000011001100001111001100011
00000001001001010001110001100011
00000000100011011001101001100011
00000001111001011001100001100011
00000000011100100001011001100011
00000101010000000000000010010011
00000000100000000000000001101111
00000100011000000000000010010011
