00000110010000000000101010010011
00001001110000000000111010010011
00001001110010101011011010010011
00000001110110101110010001100011
00000001110110101111111001100011
00000111110110101110100100010011
01000001010111101000001000110011
01000000001000100101001000010011
00000000000000100111001000110011
00000000000000000000000110010011
00000000001100100000111001100011
00001001000110101110100100010011
01000001010111101000001000110011
01000000001100100101001000010011
00000000000000100111001000110011
00000000000000000000000110010011
00000000001100100000001001100011
00000101010000000000000010010011
00000000100000000000000001101111
00000100011000000000000010010011
