00000000000000000000111010110111
00000000000000000010100110110111
00000000000000000101111100110111
00000000000000000010000110110111
00000000000000000101111110110111
00000000000000000011110110110111
00000000000000000011101110110111
00000000000000000110110000110111
00000011100111101010100000100011
00000010101110011010101000100011
00000010010011110010110000100011
00000011110000011010111000100011
00000100010111111010000000100011
00000100110011011010001000100011
00000100011110111010010000100011
00000101010011000010011000100011
00000100110011000010001100000011
00000100100010111010010010000011
00000100010011011010010100000011
00000100000011111010011100000011
00000011110000011010010000000011
00000011100011110010011110000011
00000011010010011010100000000011
00000011000011101010100100000011
00000011100110010001010001100011
00000010101110000001001001100011
00000010010001111001000001100011
00000001110001000001111001100011
00000000010101110001110001100011
00000000110001010001101001100011
00000000011101001001100001100011
00000001010000110001011001100011
00000101010000000000000010010011
00000000100000000000000001101111
00000100011000000000000010010011
