00000000000000000100001100010111
00000000000000001001000100010111
00000000000000001000100100010111
00000000000000000001001000010111
00000000000000000001011010110111
00000000000000000010101100110111
00000000000000000010110000110111
00000000000000000110100110110111
00000101111100110010000000100011
00000100100100010010001000100011
00000101000110010010010000100011
00000101010000100010011000100011
00000100100001101010100000100011
00000100101110110010101000100011
00000100111111000010110000100011
00000100110010011010111000100011
00000101110010011010011100000011
00000101100011000010111010000011
00000101010010110010110100000011
00000101000001101010010100000011
00000100110000100010101010000011
00000100100010010010111100000011
00000100010000010010001010000011
00000100000000110010000110000011
00000011111100011001010001100011
00000010100100101001001001100011
00000011000111110001000001100011
00000001010010101001111001100011
00000000100001010001110001100011
00000000101111010001101001100011
00000000111111101001100001100011
00000000110001110001011001100011
00000101010000000000000010010011
00000000100000000000000001101111
00000100011000000000000010010011
