10000000000000000000100100010011
00000110110000000000000010010011
00000000000110010011011000110011
00000000000110010110010001100011
00000000000110010111111001100011
00000010001110010110101010010011
01000001001000001000000100110011
01000000001100010101000100010011
00000000000000010111000100110011
00000000000000000000011100010011
00000000111000010000111001100011
00000011111110010110101010010011
01000001001000001000000100110011
01000000000100010101000100010011
00000000000000010111000100110011
00000000000000000000011100010011
00000000111000010000001001100011
00000101010000000000000010010011
00000000100000000000000001101111
00000100011000000000000010010011
