00000000010000000000100110010011
00000000000000000000011000110011
00000000000000000000100100110011
00000010010000000000101110010011
00000010100000000000111000010011
00000000100000000000000100010011
00000010010000000000100010010011
00000011010000000000100000010011
00000111110010111010000000100011
00000110001010111010001000100011
00000111000110111010010000100011
00000111000010111010011000100011
00000000001010010001111100010011
00000001011111110000000010110011
00000110000000001010010010000011
00000000100101100000011000110011
00000000000110010000100100010011
00000001001110010000010001100011
11111110100111111111000001101111
00001000100000000000101010010011
00000000110010101001011001100011
00000101010000000000000010010011
00000000100000000000000001101111
00000100011000000000000010010011
