00000000010000000000110100010011
00000000000000000000011010110011
00000000000000000000101000110011
00000100110000000000001010010011
00000001100000000000100100010011
00000011010000000000010000010011
00000000110000000000011110010011
00000010110000000000110010010011
00000011001000101000111000100011
00000100100000101000000000100011
00000100111100101000001000100011
00000101100100101000010000100011
00000000001010100001111110010011
00000000010111111000000010110011
00000011110000001000000110000011
00000000001101101000011010110011
00000000000110100000101000010011
00000001101010100000010001100011
11111110100111111111000001101111
00001000010000000000001000010011
00000000110100100001011001100011
00000101010000000000000010010011
00000000100000000000000001101111
00000100011000000000000010010011
