00000000010000000000110010010011
00000000000000000000010110110011
00000000000000000000101010110011
00000100010000000000011110010011
00000000001000000000111110010011
00000100100000000000001100010011
00000000110000000000101100010011
00000000000000000000101110010011
00000010100000000000000110010011
00000100011001111001001000100011
00000101011001111001010000100011
00000101011101111001011000100011
00000100001101111001100000100011
00000001111110101001110000110011
00000000111111000000011000110011
00000100010001100101001000000011
00000000010001011000010110110011
00000000000110101000101010010011
00000001100110101000010001100011
11111110100111111111000001101111
00000111110000000000100010010011
00000000101110001001011001100011
00000101010000000000000010010011
00000000100000000000000001101111
00000100011000000000000010010011
