00000000000000000100010010110111
00000000000000000101100110110111
00000000000000001001111010110111
00000000000000000010110010110111
00000011010101001010110000100011
00000010001110011010111000100011
00000101000011101010000000100011
00000101101111001010001000100011
00000100010011001010111000000011
00000100000011101010001010000011
00000011110010011010001000000011
00000011100001001010100010000011
00000001010110001001110001100011
00000000001100100001101001100011
00000001000000101001100001100011
00000001101111100001011001100011
00000101010000000000000010010011
00000000100000000000000001101111
00000100011000000000000010010011
