10000000000000000000010100010011
00001000001100000000100000010011
00000001000001010011001100110011
00000001000001010110010001100011
00000001000001010111111001100011
00001010110001010110111010010011
01000000101010000000110010110011
01000000010011001101110010010011
00000000000011001111110010110011
00000000000000000000010000010011
00000000100011001000111001100011
00000110011001010110111010010011
01000000101010000000110010110011
01000000001011001101110010010011
00000000000011001111110010110011
00000000000000000000010000010011
00000000100011001000001001100011
00000101010000000000000010010011
00000000100000000000000001101111
00000100011000000000000010010011
