00000000010000000000011000010011
00000000000000000000110010110011
00000000000000000000001110110011
00000001010000000000110100010011
00001010110000000000001000010011
00000011000000000000001100010011
00000011100000000000111010010011
00000011010000000000000110010011
00000010010011010010111000100011
00000100011011010010000000100011
00000101110111010010001000100011
00000100001111010010010000100011
00000000001000111001100010010011
00000001101010001000011100110011
00000011110001110010100110000011
00000001001111001000110010110011
00000000000100111000001110010011
00000000110000111000010001100011
11111110100111111111000001101111
00010100100000000000010000010011
00000001100101000001011001100011
00000101010000000000000010010011
00000000100000000000000001101111
00000100011000000000000010010011
