00000011010100000000011000010011
00000011010000000000010000010011
00000000100001100011001000110011
00000000100001100110010001100011
00000000100001100111111001100011
00000001000101100110101100010011
01000000110001000000101010110011
01000000000010101101101010010011
00000000000010101111101010110011
00000000000000000000100110010011
00000001001110101000111001100011
00001011110101100110101100010011
01000000110001000000101010110011
01000000001010101101101010010011
00000000000010101111101010110011
00000000000000000000100110010011
11111101001110101000101011100011
00000101010000000000000010010011
00000000100000000000000001101111
00000100011000000000000010010011
