00000000010000000000001000010011
00000000000000000000101010110011
00000000000000000000011000110011
00000001010000000000110010010011
00000001010000000000001010010011
00000000000000000000111110010011
00000000110000000000001100010011
00000000110000000000111010010011
00000000010111001000101000100011
00000001111111001000110000100011
00000000011011001000111000100011
00000011110111001000000000100011
00000000001001100001000010010011
00000001100100001000000110110011
00000001010000011000010000000011
00000000100010101000101010110011
00000000000101100000011000010011
00000000010001100000010001100011
11111110100111111111000001101111
00000010110000000000111100010011
00000001010111110001011001100011
00000101010000000000000010010011
00000000100000000000000001101111
00000100011000000000000010010011
