00000111001000000000100010010011
00001000000000000000100000010011
00001000000010001011000010010011
00000001000010001110010001100011
00000001000010001111111001100011
00000000101110001110111000010011
01000001000110000000100100110011
01000000001110010101100100010011
00000000000010010111100100110011
00000000000000000000111100010011
00000001111010010000111001100011
00000010011010001110111000010011
01000001000110000000100100110011
01000000010010010101100100010011
00000000000010010111100100110011
00000000000000000000111100010011
00000001111010010000001001100011
00000101010000000000000010010011
00000000100000000000000001101111
00000100011000000000000010010011
