00000000010000000000100010010011
00000000000000000000110000110011
00000000000000000000011000110011
00000010110000000000111100010011
00000111110000000000111110010011
00000000110000000000110100010011
00000010010000000000000100010011
00000011010000000000101000010011
00000001111111110010000000100011
00000001101011110010001000100011
00000000001011110010010000100011
00000001010011110010011000100011
00000000001001100001100000010011
00000001111010000000001100110011
00000000000000110010111000000011
00000001110011000000110000110011
00000000000101100000011000010011
00000001000101100000010001100011
11111110100111111111000001101111
00001110000000000000101010010011
00000001100010101001011001100011
00000101010000000000000010010011
00000000100000000000000001101111
00000100011000000000000010010011
