00001011011100000000000010010011
00000101010000000000001000010011
00000001010100000000011000010011
00000010101100000000111110010011
00000000001100000000001100010011
00000000010000001100010001100011
00000000010000001101111001100011
01000001111101100000101110110011
00000001111101100111100100110011
00001010100010010010100100010011
00000000011010010101100100110011
11111111110100000000001010010011
00000010010110010001001001100011
00000001111101100110101110110011
00000001111101100100100100110011
00000111111010010011100100010011
01000000011010010101100100110011
00000000111100000000001010010011
00000000010110010001011001100011
00000101010000000000000010010011
00000000100000000000000001101111
00000100011000000000000010010011
