00000000110000000000101010010011
00000000000100000000011000010011
00000000000100000000001100010011
00000000001100000000100010010011
00000010000010101000000001100011
00000010011010101000010001100011
00000011000110101100100001100011
00000000011001100000100000110011
00000000000000110000011000010011
00000000000010000000001100010011
00000000000110001000100010010011
11111110110111111111000001101111
00000000000000000000100000010011
00000000000000000000110010010011
00000011100110000001000001100011
00000000000100000000100000010011
00000000000100000000101110010011
00000001011110000001101001100011
00001001000000000000011010010011
11111110110110000001100011100011
00000101010000000000000010010011
00000000100000000000000001101111
00000100011000000000000010010011
