10000000000000000000010110010011
00001000010000000000100110010011
00000001001101011011001110110011
00000001001101011110010001100011
00000001001101011111111001100011
00001100001101011110000010010011
01000000101110011000100000110011
01000000010010000101100000010011
00000000000010000111100000110011
00000000000000000000110000010011
00000001100010000000111001100011
00001011101101011110000010010011
01000000101110011000100000110011
01000000000110000101100000010011
00000000000010000111100000110011
00000000000000000000110000010011
00000001100010000000001001100011
00000101010000000000000010010011
00000000100000000000000001101111
00000100011000000000000010010011
