00000000101000000000000110010011
00000000000100000000011000010011
00000000000100000000110110010011
00000000001100000000011110010011
00000010000000011000000001100011
00000011101100011000010001100011
00000010111100011100100001100011
00000001101101100000111100110011
00000000000011011000011000010011
00000000000011110000110110010011
00000000000101111000011110010011
11111110110111111111000001101111
00000000000000000000111100010011
00000000000000000000001010010011
00000010010111110001000001100011
00000000000100000000111100010011
00000000000100000000001110010011
00000000011111110001101001100011
00000011011100000000101110010011
11111111011111110001100011100011
00000101010000000000000010010011
00000000100000000000000001101111
00000100011000000000000010010011
