00000000000000000001001000110111
00000000000000000000011110110111
00000000000000000010010010110111
00000000000000000011010100110111
00000000000000000110110110110111
00000000000000000111110010110111
00000000000000001000011000110111
00000000000000000110111100110111
00000100010100100010000000100011
00000100110101111010001000100011
00000100111001001010010000100011
00000101110101010010011000100011
00000101101011011010100000100011
00000101010111001010101000100011
00000101010001100010110000100011
00000100100011110010111000100011
00000101110011110010010110000011
00000101100001100010100110000011
00000101010011001010100000000011
00000101000011011010101100000011
00000100110001010010000100000011
00000100100001001010110000000011
00000100010001111010001100000011
00000100000000100010101110000011
00000010010110111001010001100011
00000010110100110001001001100011
00000010111011000001000001100011
00000001110100010001111001100011
00000001101010110001110001100011
00000001010110000001101001100011
00000001010010011001100001100011
00000000100001011001011001100011
00000101010000000000000010010011
00000000100000000000000001101111
00000100011000000000000010010011
