00000000010000000000110110010011
00000000000000000000010110110011
00000000000000000000100100110011
00000000110000000000011010010011
00000000001000000000000110010011
00000000010000000000011000010011
00000000110000000000101100010011
00000010100000000000111110010011
00000010010000000000110010010011
00000100110001101000011000100011
00000101011001101000100000100011
00000101111101101000101000100011
00000101100101101000110000100011
00000000001110010001111010110011
00000000110111101000001000110011
00000100110000100100000100000011
00000000001001011000010110110011
00000000000110010000100100010011
00000001101110010000010001100011
11111110100111111111000001101111
00000101110000000000011110010011
00000000101101111001011001100011
00000101010000000000000010010011
00000000100000000000000001101111
00000100011000000000000010010011
