00000000000000000110101000110111
00000000000000000100101110110111
00000000000000001000000100110111
00000000000000000111011100110111
00000011100010100000111000100011
00000010101010111000111000100011
00000010110100010000111000100011
00000011001101110000111000100011
00000011110001110000000110000011
00000011110000010000010110000011
00000011110010111000100010000011
00000011110010100000110100000011
00000001100011010001110001100011
00000000101010001001101001100011
00000000110101011001100001100011
00000001001100011001011001100011
00000101010000000000000010010011
00000000100000000000000001101111
00000100011000000000000010010011
