10000000000000000000001110010011
00000000110100000000111010010011
00000001110100111011011100110011
00000001110100111110010001100011
00000001110100111111111001100011
00001010110000111110010110010011
01000000011111101000110110110011
01000000001111011101110110010011
00000000000011011111110110110011
00000000000000000000001100010011
00000000011011011000111001100011
00000011001000111110010110010011
01000000011111101000110110110011
01000000000111011101110110010011
00000000000011011111110110110011
00000000000000000000001100010011
00000000011011011000001001100011
00000101010000000000000010010011
00000000100000000000000001101111
00000100011000000000000010010011
