00001000100100000000100000010011
00001010011000000000101000010011
00001010011010000011100010010011
00000001010010000110010001100011
00000001010010000111111001100011
00000111110010000110011110010011
01000001000010100000000010110011
01000000010000001101000010010011
00000000000000001111000010110011
00000000000000000000111110010011
00000001111100001000111001100011
00001010111110000110011110010011
01000001000010100000000010110011
01000000000100001101000010010011
00000000000000001111000010110011
00000000000000000000111110010011
00000001111100001000001001100011
00000101010000000000000010010011
00000000100000000000000001101111
00000100011000000000000010010011
