00000000010000000000010100010011
00000000000000000000011100110011
00000000000000000000110100110011
00000010110000000000100100010011
00000000001000000000110000010011
00000100000000000000000110010011
00000011010000000000001000010011
00000011000000000000001010010011
00000001000000000000101110010011
00000000001110010001101000100011
00000000010010010001110000100011
00000000010110010001111000100011
00000011011110010001000000100011
00000001100011010001011000110011
00000001001001100000001100110011
00000001010000110101110010000011
00000001100101110000011100110011
00000000000111010000110100010011
00000000101011010000010001100011
11111110100111111111000001101111
00001011010000000000100110010011
00000000111010011001011001100011
00000101010000000000000010010011
00000000100000000000000001101111
00000100011000000000000010010011
