00000000100100000000011100010011
00000000000100000000110100010011
00000000000100000000011110010011
00000000001100000000001010010011
00000010000001110000000001100011
00000010111101110000010001100011
00000010010101110100100001100011
00000000111111010000010000110011
00000000000001111000110100010011
00000000000001000000011110010011
00000000000100101000001010010011
11111110110111111111000001101111
00000000000000000000010000010011
00000000000000000000101110010011
00000011011101000001000001100011
00000000000100000000010000010011
00000000000100000000101000010011
00000001010001000001101001100011
00000010001000000000001100010011
11111110011001000001100011100011
00000101010000000000000010010011
00000000100000000000000001101111
00000100011000000000000010010011
