00001010110100000000001100010011
00000100101000000000011110010011
00000011010000000000111010010011
00000111000100000000100110010011
00000000001000000000101000010011
00000000111100110100010001100011
00000000111100110101111001100011
01000001001111101000101100110011
00000001001111101111010010110011
00000001011001001000010010110011
00000001010001001101010010110011
11111111110000000000100010010011
00000011000101001001001001100011
00000001001111101110101100110011
00000001001111101100010010110011
00000001011001001000010010110011
01000001010001001101010010110011
00000010111000000000100010010011
00000001000101001001011001100011
00000101010000000000000010010011
00000000100000000000000001101111
00000100011000000000000010010011
