00000000000000000011111110110111
00000000000000001000010110110111
00000000000000000100000110110111
00000000000000000100111100110111
00000000011011111010001000100011
00000000001001011010010000100011
00000000101000011010011000100011
00000000110011110010100000100011
00000001000011110010010010000011
00000000110000011010110110000011
00000000100001011010011110000011
00000000010011111010001010000011
00000000011000101001110001100011
00000000001001111001101001100011
00000000101011011001100001100011
00000000110001001001011001100011
00000101010000000000000010010011
00000000100000000000000001101111
00000100011000000000000010010011
