00000000010000000000111000010011
00000000000000000000001110110011
00000000000000000000111110110011
00000100000000000000000100010011
00000000110000000000101110010011
00000100110000000000111010010011
00000000010000000000110110010011
00000000000000000000100100010011
00000001011100010000101000100011
00000001110100010000110000100011
00000001101100010000111000100011
00000011001000010000000000100011
00000000001011111001100010010011
00000000001010001000111100110011
00000001010011110000101100000011
00000001011000111000001110110011
00000000000111111000111110010011
00000001110011111000010001100011
11111110100111111111000001101111
00000101110000000000101010010011
00000000011110101001011001100011
00000101010000000000000010010011
00000000100000000000000001101111
00000100011000000000000010010011
