00000000001100000000101010010011
00001011101000000000011000010011
00000000110010101010010000110011
00000000110010101110010001100011
00000000110010101111111001100011
00000110010110101110000010010011
01000001010101100000011100110011
01000000010001110101011100010011
00000000000001110111011100110011
00000000000000000000000110010011
00000000001101110000111001100011
00000111111010101110000010010011
01000001010101100000011100110011
01000000010001110101011100010011
00000000000001110111011100110011
00000000000000000000000110010011
00000000001101110000001001100011
00000101010000000000000010010011
00000000100000000000000001101111
00000100011000000000000010010011
