00001010100100000000100100010011
00001001101000000000001010010011
00001001101010010011101100010011
00000000010110010110010001100011
00000000010110010111111001100011
00000100001110010110000010010011
01000001001000101000101010110011
01000000000010101101101010010011
00000000000010101111101010110011
00000000000000000000110110010011
00000001101110101000111001100011
00000010000110010110000010010011
01000001001000101000101010110011
01000000010010101101101010010011
00000000000010101111101010110011
00000000000000000000110110010011
00000001101110101000001001100011
00000101010000000000000010010011
00000000100000000000000001101111
00000100011000000000000010010011
