00000000000000000001011100010111
00000000000000000111111010010111
00000000000000000011111110010111
00000000000000000000111100010111
00000000000000000100100010110111
00000000000000000011001100110111
00000000000000000001001000110111
00000000000000000100110000110111
00000001000001110010101000100011
00000000110111101010110000100011
00000001001111111010111000100011
00000011100111110010000000100011
00000011011010001010001000100011
00000010111100110010010000100011
00000010001000100010011000100011
00000011010111000010100000100011
00000011000011000010000110000011
00000010110000100010111000000011
00000010100000110010000010000011
00000010010010001010110100000011
00000010000011110010101110000011
00000001110011111010101000000011
00000001100011101010001110000011
00000001010001110010110110000011
00000011000011011001010001100011
00000010110100111001001001100011
00000011001110100001000001100011
00000001100110111001111001100011
00000001011011010001110001100011
00000000111100001001101001100011
00000000001011100001100001100011
00000001010100011001011001100011
00000101010000000000000010010011
00000000100000000000000001101111
00000100011000000000000010010011
