00000100000100000000011000010011
00000100000000000000101000010011
00000001010001100011110110110011
00000001010001100110010001100011
00000001010001100111111001100011
00000100110101100110000100010011
01000000110010100000001110110011
01000000010000111101001110010011
00000000000000111111001110110011
00000000000000000000111100010011
00000001111000111000111001100011
00000100111101100110000100010011
01000000110010100000001110110011
01000000001000111101001110010011
00000000000000111111001110110011
00000000000000000000111100010011
11111101111000111000101011100011
00000101010000000000000010010011
00000000100000000000000001101111
00000100011000000000000010010011
