00000000000000000101010110010111
00000000000000000000110000010111
00000000000000000101001100010111
00000000000000000111011110010111
00000000000000000011011100110111
00000000000000000110010000110111
00000000000000000011111000110111
00000000000000001000001000110111
00000001001101011010001000100011
00000000110011000010010000100011
00000000010100110010011000100011
00000001010001111010100000100011
00000001111001110010101000100011
00000001101101000010110000100011
00000001000011100010111000100011
00000011011000100010000000100011
00000010000000100010111010000011
00000001110011100010000010000011
00000001100001000010111110000011
00000001010001110010001110000011
00000001000001111010110100000011
00000000110000110010000110000011
00000000100011000010101010000011
00000000010001011010010100000011
00000011001101010001010001100011
00000010110010101001001001100011
00000010010100011001000001100011
00000001010011010001111001100011
00000001111000111001110001100011
00000001101111111001101001100011
00000001000000001001100001100011
00000001011011101001011001100011
00000101010000000000000010010011
00000000100000000000000001101111
00000100011000000000000010010011
