00001010111100000000111000010011
00001010110100000000010010010011
00000000100111100010000100110011
00000000100111100110010001100011
00000000100111100111111001100011
00001000111111100110011110010011
01000001110001001000101000110011
01000000000110100101101000010011
00000000000010100111101000110011
00000000000000000000011010010011
00000000110110100000111001100011
00001010111111100110011110010011
01000001110001001000101000110011
01000000000010100101101000010011
00000000000010100111101000110011
00000000000000000000011010010011
00000000110110100000001001100011
00000101010000000000000010010011
00000000100000000000000001101111
00000100011000000000000010010011
