00000000010000000000001000010011
00000000000000000000100100010011
00000000000000000000110000010011
00000010000000000000011000010011
00000011110000000000110110010011
00000000110000000000011110010011
00000100010000000000000100010011
00000000000000000000111100010011
00000001101101100001100000100011
00000000111101100001101000100011
00000000001001100001110000100011
00000001111001100001111000100011
00000000001011000001101110010011
00000000110010111000101010110011
00000001000010101001010110000011
00000000101110010000100100110011
00000000000111000000110000010011
00000000010011000000010001100011
11111110100111111111000001101111
00001000110000000000010100010011
00000001001001010001011001100011
00000101010000000000000010010011
00000000100000000000000001101111
00000100011000000000000010010011
