00000001000100000000101100010011
00000000000100000000110100010011
00000000000100000000001010010011
00000000001100000000111010010011
00000010000010110000000001100011
00000010010110110000010001100011
00000011110110110100100001100011
00000000010111010000101000110011
00000000000000101000110100010011
00000000000010100000001010010011
00000000000111101000111010010011
11111110110111111111000001101111
00000000000000000000101000010011
00000000000000000000111000010011
00000011110010100001000001100011
00000000000100000000101000010011
00000000000100000000011100010011
00000000111010100001101001100011
01100011110100000000100110010011
11111111001110100001100011100011
00000101010000000000000010010011
00000000100000000000000001101111
00000100011000000000000010010011
