00000000010000000000000110010011
00000000000000000000110100110011
00000000000000000000100110110011
00000011110000000000000100010011
00000111000000000000011000010011
00000000010000000000010110010011
00000100100000000000000010010011
00000010000000000000101010010011
00000000110000010010110000100011
00000000101100010010111000100011
00000010000100010010000000100011
00000011010100010010001000100011
00000000001010011001110110010011
00000000001011011000111000110011
00000001100011100010101110000011
00000001011111010000110100110011
00000000000110011000100110010011
00000000001110011000010001100011
11111110100111111111000001101111
00001101110000000000010000010011
00000001101001000001011001100011
00000101010000000000000010010011
00000000100000000000000001101111
00000100011000000000000010010011
