00000000000000000010001000010111
00000000000000000101100110010111
00000000000000000101110010010111
00000000000000000001000100010111
00000000000000000100101110110111
00000000000000000111011010110111
00000000000000001001111010110111
00000000000000000111010100110111
00000100010100100010100000100011
00000100111110011010101000100011
00000101100011001010110000100011
00000101001000010010111000100011
00000110001110111010000000100011
00000110100101101010001000100011
00000110111011101010010000100011
00000111010001010010011000100011
00000110110001010010110110000011
00000110100011101010001110000011
00000110010001101010011000000011
00000110000010111010111110000011
00000101110000010010001100000011
00000101100011001010110100000011
00000101010010011010101100000011
00000101000000100010000010000011
00000010010100001001010001100011
00000010111110110001001001100011
00000011100011010001000001100011
00000001001000110001111001100011
00000000001111111001110001100011
00000000100101100001101001100011
00000000111000111001100001100011
00000001010011011001011001100011
00000101010000000000000010010011
00000000100000000000000001101111
00000100011000000000000010010011
