00000000110100000000011100010011
00000000000100000000100100010011
00000000000100000000010010010011
00000000001100000000000100010011
00000010000001110000000001100011
00000010100101110000010001100011
00000010001001110100100001100011
00000000100110010000110000110011
00000000000001001000100100010011
00000000000011000000010010010011
00000000000100010000000100010011
11111110110111111111000001101111
00000000000000000000110000010011
00000000000000000000111010010011
00000011110111000001000001100011
00000000000100000000110000010011
00000000000100000000000110010011
00000000001111000001101001100011
00001110100100000000011010010011
11111110110111000001100011100011
00000101010000000000000010010011
00000000100000000000000001101111
00000100011000000000000010010011
