00001100001000000000111010010011
00001100000100000000000010010011
00000000000111101011111100110011
00000000000111101110010001100011
00000000000111101111111001100011
00001001110011101110011100010011
01000001110100001000001100110011
01000000001100110101001100010011
00000000000000110111001100110011
00000000000000000000110100010011
00000001101000110000111001100011
00000001010111101110011100010011
01000001110100001000001100110011
01000000010000110101001100010011
00000000000000110111001100110011
00000000000000000000110100010011
11111101101000110000101011100011
00000101010000000000000010010011
00000000100000000000000001101111
00000100011000000000000010010011
