00000000000000001000111010110111
00000000000000000100000110110111
00000000000000000111100010110111
00000000000000000110000100110111
00000000000000000010110010110111
00000000000000001000001000110111
00000000000000000010111110110111
00000000000000000101011110110111
00000100011011101010000000100011
00000101111000011010001000100011
00000100101110001010010000100011
00000101110000010010011000100011
00000101101011001010100000100011
00000100110000100010101000100011
00000101100011111010110000100011
00000101010001111010111000100011
00000101110001111010010100000011
00000101100011111010010010000011
00000101010000100010011010000011
00000101000011001010001110000011
00000100110000010010011100000011
00000100100010001010100100000011
00000100010000011010010000000011
00000100000011101010001010000011
00000010011000101001010001100011
00000011111001000001001001100011
00000010101110010001000001100011
00000001110001110001111001100011
00000001101000111001110001100011
00000000110001101001101001100011
00000001100001001001100001100011
00000001010001010001011001100011
00000101010000000000000010010011
00000000100000000000000001101111
00000100011000000000000010010011
