00000000010000000000011000010011
00000000000000000000000110010011
00000000000000000000100110010011
00000000000000000000010110010011
00000010000000000000011100010011
00000100010000000000000100010011
00000100110000000000011010010011
00000100100000000000111100010011
00000000111001011001010000100011
00000000001001011001011000100011
00000000110101011001100000100011
00000001111001011001101000100011
00000000001010011001010100010011
00000000101101010000001010110011
00000000100000101001111010000011
00000001110100011000000110110011
00000000000110011000100110010011
00000000110010011000010001100011
11111110100111111111000001101111
00001111100000000000001000010011
00000000001100100001011001100011
00000101010000000000000010010011
00000000100000000000000001101111
00000100011000000000000010010011
