00000111001100000000100100010011
00000111001000000000010010010011
00000000100110010011101110110011
00000000100110010110010001100011
00000000100110010111111001100011
00001011001110010110100010010011
01000001001001001000011100110011
01000000001001110101011100010011
00000000000001110111011100110011
00000000000000000000000010010011
00000000000101110000111001100011
00000101101010010110100010010011
01000001001001001000011100110011
01000000010001110101011100010011
00000000000001110111011100110011
00000000000000000000000010010011
11111100000101110000101011100011
00000101010000000000000010010011
00000000100000000000000001101111
00000100011000000000000010010011
