00000001100100000000100100010011
00000011010100000000111010010011
00001000000100000000001100010011
00000001110110010110010001100011
00000001110110010111111001100011
00001000111000110000101110010011
00000000101100110111011110010011
00000001011101111000011110110011
00000000000101111101011110010011
00001000100000000000110010010011
00000011100101111001001001100011
00000111010100110110101110010011
00000111110100110100011110010011
00000001011101111000011110110011
01000000010001111101011110010011
00000001111100000000110010010011
00000001100101111001011001100011
00000101010000000000000010010011
00000000100000000000000001101111
00000100011000000000000010010011
