00000010101000000000010010010011
11111100011100000000110110010011
00000011111100000000101010010011
00000111001000000000011100010011
00000000000100000000010100010011
00000001101101001100010001100011
00000001101101001101111001100011
01000000111010101000011110110011
00000000111010101111110100110011
00000000111111010000110100110011
00000000101011010101110100110011
11111111111100000000001100010011
00000010011011010001001001100011
00000000111010101110011110110011
00000000111010101100110100110011
00000000111111010000110100110011
01000000101011010101110100110011
00000110011000000000001100010011
00000000011011010001011001100011
00000101010000000000000010010011
00000000100000000000000001101111
00000100011000000000000010010011
