00000000101000000000101010010011
00000000000100000000001010010011
00000000000100000000010110010011
00000000001100000000100000010011
00000010000010101000000001100011
00000010101110101000010001100011
00000011000010101100100001100011
00000000101100101000111000110011
00000000000001011000001010010011
00000000000011100000010110010011
00000000000110000000100000010011
11111110110111111111000001101111
00000000000000000000111000010011
00000000000000000000111010010011
00000011110111100001000001100011
00000000000100000000111000010011
00000000000100000000110010010011
00000001100111100001101001100011
00000011011100000000000100010011
11111110001011100001100011100011
00000101010000000000000010010011
00000000100000000000000001101111
00000100011000000000000010010011
