00000000010000000000100110010011
00000000000000000000101000110011
00000000000000000000010100110011
00000001000000000000110100010011
00000001010000000000010010010011
00000100110000000000111100010011
00000010100000000000000010010011
00000001110000000000011000010011
00000000100111010000011000100011
00000001111011010000100000100011
00000000000111010000101000100011
00000000110011010000110000100011
00000000001001010001100100010011
00000001101010010000100010110011
00000000110010001000110000000011
00000001100010100000101000110011
00000000000101010000010100010011
00000001001101010000010001100011
11111110100111111111000001101111
00001010010000000000110110010011
00000001010011011001011001100011
00000101010000000000000010010011
00000000100000000000000001101111
00000100011000000000000010010011
