00000000010000000000001000010011
00000000000000000000000110010011
00000000000000000000111100010011
00000100100000000000101010010011
00000001110000000000010010010011
00000100000000000000010000010011
00000000100000000000011110010011
00000010000000000000001010010011
00000000100110101001011000100011
00000000100010101001100000100011
00000000111110101001101000100011
00000000010110101001110000100011
00000000001011110001110110010011
00000001010111011000100010110011
00000000110010001001111010000011
00000001110100011000000110110011
00000000000111110000111100010011
00000000010011110000010001100011
11111110100111111111000001101111
00001000010000000000010110010011
00000000001101011001011001100011
00000101010000000000000010010011
00000000100000000000000001101111
00000100011000000000000010010011
