00000000000000000010000110110111
00000000000000000011010000110111
00000000000000000010010100110111
00000000000000001001000100110111
00000100111000011010010000100011
00000101011101000010011000100011
00000101111001010010100000100011
00000101010100010010101000100011
00000101010000010010100110000011
00000101000001010010010110000011
00000100110001000010101000000011
00000100100000011010001000000011
00000000111000100001110001100011
00000001011110100001101001100011
00000001111001011001100001100011
00000001010110011001011001100011
00000101010000000000000010010011
00000000100000000000000001101111
00000100011000000000000010010011
