00000011000100000000010010010011
00001000010100000000000010010011
00000000000100000000100000010011
00000000000101001110010001100011
00000000000101001111111001100011
00000001111110000000111100010011
00000001101110000111010100010011
00000001111001010000010100110011
00000000001001010101010100010011
00000000100000000000011100010011
00000010111001010001001001100011
00000100100110000110111100010011
00000010111110000100010100010011
00000001111001010000010100110011
01000000000001010101010100010011
00000111011100000000011100010011
00000000111001010001011001100011
00000101010000000000000010010011
00000000100000000000000001101111
00000100011000000000000010010011
