00001011110000000000110010010011
10000000000000000000110100010011
00011110110111001010111010010011
00000001101011001110010001100011
00000001101011001111111001100011
00000001001011001110100000010011
01000001100111010000101110110011
01000000001110111101101110010011
00000000000010111111101110110011
00000000000000000000001010010011
00000000010110111000111001100011
00001011110111001110100000010011
01000001100111010000101110110011
01000000001110111101101110010011
00000000000010111111101110110011
00000000000000000000001010010011
00000000010110111000001001100011
00000101010000000000000010010011
00000000100000000000000001101111
00000100011000000000000010010011
