00000000010000000000111010010011
00000000000000000000001100010011
00000000000000000000100010010011
00000001010000000000001000010011
00000011000000000000110110010011
00000001000000000000001010010011
00000000010000000000011000010011
00000100100000000000010110010011
00000011101100100001000000100011
00000010010100100001001000100011
00000010110000100001010000100011
00000010101100100001011000100011
00000000001010001001000110010011
00000000010000011000110000110011
00000010000011000001101010000011
00000001010100110000001100110011
00000000000110001000100010010011
00000001110110001000010001100011
11111110100111111111000001101111
00001000110000000000101110010011
00000000011010111001011001100011
00000101010000000000000010010011
00000000100000000000000001101111
00000100011000000000000010010011
