00000000010000000000101000010011
00000000000000000000101010110011
00000000000000000000100110110011
00000000110000000000011110010011
00000100010000000000111010010011
00000100010000000000001110010011
00000100100000000000101100010011
00000011000000000000110100010011
00000011110101111000101000100011
00000010011101111000110000100011
00000011011001111000111000100011
00000101101001111000000000100011
00000000001010011001010110010011
00000000111101011000000110110011
00000011010000011000011010000011
00000000110110101000101010110011
00000000000110011000100110010011
00000001010010011000010001100011
11111110100111111111000001101111
00010000000000000000011100010011
00000001010101110001011001100011
00000101010000000000000010010011
00000000100000000000000001101111
00000100011000000000000010010011
