00001010001000000000101100010011
00001000101100000000001000010011
00001011011000000000111000010011
00000000010010110110010001100011
00000000010010110111111001100011
00000101110111100000100100010011
00000001110111100111010000010011
00000001001001000000010000110011
00000000000101000101010000010011
00001001001100000000111010010011
00000011110101000001001001100011
00000000010011100110100100010011
00001000001011100100010000010011
00000001001001000000010000110011
01000000001101000101010000010011
00000001110100000000111010010011
00000001110101000001011001100011
00000101010000000000000010010011
00000000100000000000000001101111
00000100011000000000000010010011
