00000100000100000000100100010011
11111101111000000000110000010011
00000000001100000000111010010011
00001001011000000000010110010011
00000000001100000000011100010011
00000001100010010100010001100011
00000001100010010101111001100011
01000000101111101000101000110011
00000000101111101111101010110011
00000001010010101010101010110011
00000000111010101101101010110011
11111110110100000000100000010011
00000011000010101001001001100011
00000000101111101110101000110011
00000000101111101100101010110011
00000001010010101011101010110011
01000000111010101101101010110011
00000010010100000000100000010011
00000001000010101001011001100011
00000101010000000000000010010011
00000000100000000000000001101111
00000100011000000000000010010011
