00000000000000001001101100010111
00000000000000000000100000010111
00000000000000000010010000010111
00000000000000000001000010010111
00000000000000000001100110110111
00000000000000001000101000110111
00000000000000000100001000110111
00000000000000000001010110110111
00000111111110110010101000100011
00000110110010000010110000100011
00000110111001000010111000100011
00001001101100001010000000100011
00001001010110011010001000100011
00001000001010100010010000100011
00001001000100100010011000100011
00001001101001011010100000100011
00001001000001011010010010000011
00001000110000100010001110000011
00001000100010100010010100000011
00001000010010011010111010000011
00001000000000001010100100000011
00000111110001000010111100000011
00000111100010000010110000000011
00000111010010110010001010000011
00000011111100101001010001100011
00000010110011000001001001100011
00000010111011110001000001100011
00000001101110010001111001100011
00000001010111101001110001100011
00000000001001010001101001100011
00000001000100111001100001100011
00000001101001001001011001100011
00000101010000000000000010010011
00000000100000000000000001101111
00000100011000000000000010010011
