00000000010000000000111110010011
00000000000000000000100100110011
00000000000000000000010000110011
00000011110000000000110110010011
00000000001000000000111010010011
00000000100000000000101000010011
00000011010000000000010010010011
00000100100000000000100000010011
00000011100000000000111100010011
00000101010011011001001000100011
00000100100111011001010000100011
00000101000011011001011000100011
00000101111011011001100000100011
00000001110101000001010110110011
00000001101101011000011010110011
00000100010001101101010100000011
00000000101010010000100100110011
00000000000101000000010000010011
00000001111101000000010001100011
11111110100111111111000001101111
00001011110000000000100010010011
00000001001010001001011001100011
00000101010000000000000010010011
00000000100000000000000001101111
00000100011000000000000010010011
