00000000010000000000010000010011
00000000000000000000110010110011
00000000000000000000101010110011
00000000010000000000111110010011
00000000001000000000101110010011
00000011100000000000001110010011
00000001110000000000111000010011
00000000000000000000101000010011
00000100010000000000010010010011
00000010011111111000001000100011
00000011110011111000010000100011
00000011010011111000011000100011
00000010100111111000100000100011
00000001011110101001111010110011
00000001111111101000100110110011
00000010010010011100010110000011
00000000101111001000110010110011
00000000000110101000101010010011
00000000100010101000010001100011
11111110100111111111000001101111
00001001100000000000001100010011
00000001100100110001011001100011
00000101010000000000000010010011
00000000100000000000000001101111
00000100011000000000000010010011
