00000100011100000000111100010011
11111110010000000000011010010011
00001011110000000000111010010011
00000110010100000000110010010011
00000000010000000000011110010011
00000000110111110100010001100011
00000000110111110101111001100011
01000001100111101000000010110011
00000001100111101111100100110011
00000000000110010000100100110011
00000000111110010101100100110011
00000000011100000000010100010011
00000010101010010001001001100011
00000001100111101110000010110011
00000001100111101100100100110011
00000000000110010000100100110011
01000000111110010101100100110011
00000001110100000000010100010011
00000000101010010001011001100011
00000101010000000000000010010011
00000000100000000000000001101111
00000100011000000000000010010011
