00000010111100000000000110010011
11111100110000000000001000010011
00000101000100000000010000010011
00000100001100000000111110010011
00000000010000000000100000010011
00000000010000011100010001100011
00000000010000011101111001100011
01000001111101000000001100110011
00000001111101000111110000110011
00000000011011000000110000110011
00000001000011000101110000110011
00000000010000000000010100010011
00000010101011000001001001100011
00000001111101000110001100110011
00000001111101000100110000110011
00000000011011000000110000110011
01000001000011000101110000110011
00000000011000000000010100010011
00000000101011000001011001100011
00000101010000000000000010010011
00000000100000000000000001101111
00000100011000000000000010010011
