00001011011100000000010000010011
00000011110000000000101010010011
00001000111000000000001000010011
00000001010101000110010001100011
00000001010101000111111001100011
00000001111000100000111110010011
00001001010000100111001100010011
00000001111100110000001100110011
00000000000000110101001100010011
00010011000000000000100010010011
00000011000100110001001001100011
00000110110000100110111110010011
00000011010100100100001100010011
00000001111100110000001100110011
01000000001000110101001100010011
00000110101000000000100010010011
00000001000100110001011001100011
00000101010000000000000010010011
00000000100000000000000001101111
00000100011000000000000010010011
