00000000010000000000110000010011
00000000000000000000011110010011
00000000000000000000110100010011
00000010010000000000100010010011
00000000010000000000011010010011
00000001110000000000100110010011
00000100100000000000011100010011
00000000110000000000010110010011
00000000110110001001011000100011
00000001001110001001100000100011
00000000111010001001101000100011
00000000101110001001110000100011
00000000001011010001101010010011
00000001000110101000101000110011
00000000110010100001010100000011
00000000101001111000011110110011
00000000000111010000110100010011
00000001100011010000010001100011
11111110100111111111000001101111
00000111010000000000001010010011
00000000111100101001011001100011
00000101010000000000000010010011
00000000100000000000000001101111
00000100011000000000000010010011
