00000110110100000000010110010011
00000000101000000000100000010011
00000100011100000000100110010011
00000010011100000000100010010011
00000000000100000000111110010011
00000001000001011100010001100011
00000001000001011101111001100011
01000001000110011000000100110011
00000001000110011111101100110011
00000000001010110000101100110011
00000001111110110101101100110011
00000001001100000000101000010011
00000011010010110001001001100011
00000001000110011110000100110011
00000001000110011100101100110011
00000000001010110000101100110011
01000001111110110101101100110011
00000110001100000000101000010011
00000001010010110001011001100011
00000101010000000000000010010011
00000000100000000000000001101111
00000100011000000000000010010011
