00000000000000001000001110110111
00000000000000000000110100110111
00000000000000000000000100110111
00000000000000000100100000110111
00000000000000001000011010110111
00000000000000000010101100110111
00000000000000000001000110110111
00000000000000001000111010110111
00000001001000111010111000100011
00000010110011010010000000100011
00000010101100010010001000100011
00000011110010000010010000100011
00000010010001101010011000100011
00000010100110110010100000100011
00000011100000011010101000100011
00000010111011101010110000100011
00000011100011101010101010000011
00000011010000011010101000000011
00000011000010110010110010000011
00000010110001101010111110000011
00000010100010000010001100000011
00000010010000010010010000000011
00000010000011010010110110000011
00000001110000111010100110000011
00000011001010011001010001100011
00000010110011011001001001100011
00000010101101000001000001100011
00000001110000110001111001100011
00000000010011111001110001100011
00000000100111001001101001100011
00000001100010100001100001100011
00000000111010101001011001100011
00000101010000000000000010010011
00000000100000000000000001101111
00000100011000000000000010010011
