00001000010100000000011000010011
00000010001000000000010000010011
00000000111100000000001100010011
00000010110100000000110100010011
00000000010000000000010100010011
00000000100001100100010001100011
00000000100001100101111001100011
01000001101000110000111110110011
00000001101000110111100010110011
00000001111110001000100010110011
00000000101010001101100010110011
11111111111000000000000100010011
00000010001010001001001001100011
00000001101000110110111110110011
00000001101000110100100010110011
00000001111110001000100010110011
01000000101010001101100010110011
00000000010100000000000100010011
00000000001010001001011001100011
00000101010000000000000010010011
00000000100000000000000001101111
00000100011000000000000010010011
