00000000000000001001110010110111
00000000000000000101001000110111
00000000000000000110011000110111
00000000000000001000010110110111
00000011101111001010000000100011
00000011010000100010001000100011
00000011100001100010010000100011
00000010100001011010011000100011
00000010110001011010100100000011
00000010100001100010011100000011
00000010010000100010011110000011
00000010000011001010001110000011
00000001101100111001110001100011
00000001010001111001101001100011
00000001100001110001100001100011
00000000100010010001011001100011
00000101010000000000000010010011
00000000100000000000000001101111
00000100011000000000000010010011
