00000010000000000000110110010011
00000001111100000000010110010011
00000000101111011011100010110011
00000000101111011110010001100011
00000000101111011111111001100011
00000111011011011110111000010011
01000001101101011000001010110011
01000000000000101101001010010011
00000000000000101111001010110011
00000000000000000000111100010011
00000001111000101000111001100011
00000010101111011110111000010011
01000001101101011000001010110011
01000000001000101101001010010011
00000000000000101111001010110011
00000000000000000000111100010011
11111101111000101000101011100011
00000101010000000000000010010011
00000000100000000000000001101111
00000100011000000000000010010011
