00001100001100000000100000010011
00000110000000000000100100010011
00000111001100000000111100010011
00000011000000000000100010010011
00000000001100000000100110010011
00000001001010000100010001100011
00000001001010000101111001100011
01000001000111110000001110110011
00000001000111110111010010110011
00000000011101001000010010110011
00000001001101001101010010110011
00000000111000000000010100010011
00000010101001001001001001100011
00000001000111110110001110110011
00000001000111110100010010110011
00000000011101001000010010110011
01000001001101001101010010110011
00000001011000000000010100010011
00000000101001001001011001100011
00000101010000000000000010010011
00000000100000000000000001101111
00000100011000000000000010010011
