00000000000000000110111100010111
00000000000000000000010010010111
00000000000000001000101100010111
00000000000000000000110010010111
00000000000000000010100110110111
00000000000000000100101000110111
00000000000000000010000100110111
00000000000000000001001100110111
00000001000111110010010000100011
00000001000001001010011000100011
00000000010110110010100000100011
00000000111111001010101000100011
00000000111010011010110000100011
00000001001010100010111000100011
00000011010100010010000000100011
00000010110000110010001000100011
00000010010000110010011010000011
00000010000000010010110100000011
00000001110010100010000010000011
00000001100010011010010110000011
00000001010011001010110110000011
00000001000010110010110000000011
00000000110001001010111010000011
00000000100011110010001000000011
00000011000100100001010001100011
00000011000011101001001001100011
00000010010111000001000001100011
00000000111111011001111001100011
00000000111001011001110001100011
00000001001000001001101001100011
00000001010111010001100001100011
00000000110001101001011001100011
00000101010000000000000010010011
00000000100000000000000001101111
00000100011000000000000010010011
