00000000010000000000111010010011
00000000000000000000101000110011
00000000000000000000010010110011
00000011010000000000100010010011
00000000001000000000010100010011
00000010010000000000110010010011
00000000000000000000110100010011
00000100110000000000011100010011
00000011000000000000110000010011
00000001100110001001010000100011
00000001101010001001011000100011
00000000111010001001100000100011
00000001100010001001101000100011
00000000101001001001011000110011
00000001000101100000010000110011
00000000100001000101110110000011
00000001101110100000101000110011
00000000000101001000010010010011
00000001110101001000010001100011
11111110100111111111000001101111
00001010000000000000011110010011
00000001010001111001011001100011
00000101010000000000000010010011
00000000100000000000000001101111
00000100011000000000000010010011
