00000011100100000000110100010011
11111101011000000000100000010011
00000101010100000000011110010011
00000111111000000000100100010011
00000000001100000000111110010011
00000001000011010100010001100011
00000001000011010101111001100011
01000001001001111000011000110011
00000001001001111111111010110011
00000000110011101000111010110011
00000001111111101101111010110011
00000000010100000000001000010011
00000010010011101001001001100011
00000001001001111110011000110011
00000001001001111100111010110011
00000000110011101000111010110011
01000001111111101101111010110011
00000001010100000000001000010011
00000000010011101001011001100011
00000101010000000000000010010011
00000000100000000000000001101111
00000100011000000000000010010011
