00000000100000000000101100010011
00000000000100000000011010010011
00000000000100000000100000010011
00000000001100000000100110010011
00000010000010110000000001100011
00000011000010110000010001100011
00000011001110110100100001100011
00000001000001101000000100110011
00000000000010000000011010010011
00000000000000010000100000010011
00000000000110011000100110010011
11111110110111111111000001101111
00000000000000000000000100010011
00000000000000000000101000010011
00000011010000010001000001100011
00000000000100000000000100010011
00000000000100000000010100010011
00000000101000010001101001100011
00000001010100000000001100010011
11111110011000010001100011100011
00000101010000000000000010010011
00000000100000000000000001101111
00000100011000000000000010010011
