00000000010000000000110000010011
00000000000000000000001110110011
00000000000000000000111000110011
00000011000000000000000100010011
00000000001000000000011100010011
00000011000000000000011110010011
00000010010000000000101010010011
00000011000000000000101100010011
00000100010000000000100100010011
00000010111100010000001000100011
00000011010100010000010000100011
00000011011000010000011000100011
00000011001000010000100000100011
00000000111011100001111110110011
00000000001011111000001000110011
00000010010000100100010010000011
00000000100100111000001110110011
00000000000111100000111000010011
00000001100011100000010001100011
11111110100111111111000001101111
00001100100000000000100000010011
00000000011110000001011001100011
00000101010000000000000010010011
00000000100000000000000001101111
00000100011000000000000010010011
