00000110001000000000010110010011
11111111111100000000001110010011
00001001111000000000001000010011
00000100110000000000001010010011
00000000001000000000010010010011
00000000011101011100010001100011
00000000011101011101111001100011
01000000010100100000101000110011
00000000010100100111011110110011
00000001010001111000011110110011
00000000100101111101011110110011
00000001011100000000101100010011
00000011011001111001001001100011
00000000010100100110101000110011
00000000010100100100011110110011
00000001010001111000011110110011
01000000100101111101011110110011
00000110110000000000101100010011
00000001011001111001011001100011
00000101010000000000000010010011
00000000100000000000000001101111
00000100011000000000000010010011
