00000001010100000000101100010011
00001011011000000000010000010011
00001011011010110011110110010011
00000000100010110110010001100011
00000000100010110111111001100011
00000111000010110110000100010011
01000001011001000000110100110011
01000000001011010101110100010011
00000000000011010111110100110011
00000000000000000000001100010011
00000000011011010000111001100011
00000101010110110110000100010011
01000001011001000000110100110011
01000000001011010101110100010011
00000000000011010111110100110011
00000000000000000000001100010011
00000000011011010000001001100011
00000101010000000000000010010011
00000000100000000000000001101111
00000100011000000000000010010011
