00000000000000000011111000010111
00000000000000000000110100010111
00000000000000000001011100010111
00000000000000000001000010010111
00000000000000000010111100110111
00000000000000000100110110110111
00000000000000000001100100110111
00000000000000000111000100110111
00000010110111100010101000100011
00000011000011010010110000100011
00000010111101110010111000100011
00000101011000001010000000100011
00000101001111110010001000100011
00000101010011011010010000100011
00000100101010010010011000100011
00000100110000010010100000100011
00000101000000010010010010000011
00000100110010010010001100000011
00000100100011011010101110000011
00000100010011110010110010000011
00000100000000001010001110000011
00000011110001110010010000000011
00000011100011010010001010000011
00000011010011100010100010000011
00000010110110001001010001100011
00000011000000101001001001100011
00000010111101000001000001100011
00000001011000111001111001100011
00000001001111001001110001100011
00000001010010111001101001100011
00000000101000110001100001100011
00000000110001001001011001100011
00000101010000000000000010010011
00000000100000000000000001101111
00000100011000000000000010010011
