00001100011000000000011010010011
00000110001100000000001110010011
00000100000000000000001000010011
00000000100000000000111100010011
00000000010000000000110000010011
00000000011101101100010001100011
00000000011101101101111001100011
01000001111000100000101010110011
00000001111000100111000110110011
00000001010100011000000110110011
00000001100000011101000110110011
00000000001100000000110100010011
00000011101000011001001001100011
00000001111000100110101010110011
00000001111000100100000110110011
00000001010100011000000110110011
01000001100000011101000110110011
00000000100100000000110100010011
00000001101000011001011001100011
00000101010000000000000010010011
00000000100000000000000001101111
00000100011000000000000010010011
