00000010111100000000111000010011
00000010110000000000100000010011
00001100010100000000110100010011
00000001000011100110010001100011
00000001000011100111111001100011
00000000111011010000100010010011
00000111100011010111000110010011
00000001000100011000000110110011
00000000000100011101000110010011
00001000100100000000011010010011
00000010110100011001001001100011
00000101101011010110100010010011
00001010010011010100000110010011
00000001000100011000000110110011
01000000001100011101000110010011
00000010100000000000011010010011
00000000110100011001011001100011
00000101010000000000000010010011
00000000100000000000000001101111
00000100011000000000000010010011
