00000000010000000000111000010011
00000000000000000000010010110011
00000000000000000000001010110011
00000011110000000000001000010011
00000000001000000000110010010011
00000010010000000000001100010011
00000000100000000000011000010011
00000001000000000000100000010011
00000001010000000000100110010011
00000000011000100000001000100011
00000000110000100000010000100011
00000001000000100000011000100011
00000001001100100000100000100011
00000001100100101001011100110011
00000000010001110000001110110011
00000000010000111100010110000011
00000000101101001000010010110011
00000000000100101000001010010011
00000001110000101000010001100011
11111110100111111111000001101111
00000101000000000000101100010011
00000000100110110001011001100011
00000101010000000000000010010011
00000000100000000000000001101111
00000100011000000000000010010011
