00000011100100000000100000010011
10000000000000000000111010010011
00001100100110000010011000010011
00000001110110000110010001100011
00000001110110000111111001100011
00000001100010000110011100010011
01000001000011101000111000110011
01000000001011100101111000010011
00000000000011100111111000110011
00000000000000000000111110010011
00000001111111100000111001100011
00001010011010000110011100010011
01000001000011101000111000110011
01000000000111100101111000010011
00000000000011100111111000110011
00000000000000000000111110010011
00000001111111100000001001100011
00000101010000000000000010010011
00000000100000000000000001101111
00000100011000000000000010010011
