00000000000000000000100000110111
00000000000000001001111000110111
00000000000000000001110010110111
00000000000000000011101010110111
00000000000000000111011010110111
00000000000000001000011000110111
00000000000000000000000110110111
00000000000000000000000100110111
00000111101110000010100000100011
00000111101011100010101000100011
00000110100011001010110000100011
00000110010110101010111000100011
00001001011101101010000000100011
00001000101001100010001000100011
00001000111100011010010000100011
00001001011000010010011000100011
00001000110000010010001110000011
00001000100000011010011100000011
00001000010001100010100110000011
00001000000001101010100100000011
00000111110010101010101000000011
00000111100011001010111010000011
00000111010011100010100010000011
00000111000010000010010110000011
00000011101101011001010001100011
00000011101010001001001001100011
00000010100011101001000001100011
00000000010110100001111001100011
00000001011110010001110001100011
00000000101010011001101001100011
00000000111101110001100001100011
00000001011000111001011001100011
00000101010000000000000010010011
00000000100000000000000001101111
00000100011000000000000010010011
