00000000010000000000010100010011
00000000000000000000110110010011
00000000000000000000100110010011
00000010000000000000011010010011
00000000100000000000011000010011
00000001100000000000001110010011
00000010100000000000010110010011
00000001100000000000101000010011
00000010110001101001010000100011
00000010011101101001011000100011
00000010101101101001100000100011
00000011010001101001101000100011
00000000001010011001111100010011
00000000110111110000101110110011
00000010100010111001110010000011
00000001100111011000110110110011
00000000000110011000100110010011
00000000101010011000010001100011
11111110100111111111000001101111
00000110000000000000111010010011
00000001101111101001011001100011
00000101010000000000000010010011
00000000100000000000000001101111
00000100011000000000000010010011
