00000000010000000000101110010011
00000000000000000000111110110011
00000000000000000000010100110011
00000100010000000000000110010011
00000011100000000000110100010011
00000100110000000000101010010011
00000000110000000000101100010011
00000001010000000000011110010011
00000111101000011010000000100011
00000111010100011010001000100011
00000111011000011010010000100011
00000110111100011010011000100011
00000000001001010001111010010011
00000000001111101000000100110011
00000110000000010010001110000011
00000000011111111000111110110011
00000000000101010000010100010011
00000001011101010000010001100011
11111110100111111111000001101111
00001010010000000000101000010011
00000001111110100001011001100011
00000101010000000000000010010011
00000000100000000000000001101111
00000100011000000000000010010011
