00000000100100000000100010010011
00000000000100000000110010010011
00000000000100000000010100010011
00000000001100000000101000010011
00000010000010001000000001100011
00000010101010001000010001100011
00000011010010001100100001100011
00000000101011001000001010110011
00000000000001010000110010010011
00000000000000101000010100010011
00000000000110100000101000010011
11111110110111111111000001101111
00000000000000000000001010010011
00000000000000000000001000010011
00000010010000101001000001100011
00000000000100000000001010010011
00000000000100000000011110010011
00000000111100101001101001100011
00000010001000000000111010010011
11111111110100101001100011100011
00000101010000000000000010010011
00000000100000000000000001101111
00000100011000000000000010010011
