00000000000000000010110000110111
00000000000000000100001000110111
00000000000000000001111110110111
00000000000000000000010000110111
00000000000000000110100110110111
00000000000000000001111010110111
00000000000000000010110110110111
00000000000000001001011000110111
00000100011011000010010000100011
00000100101100100010011000100011
00000101100111111010100000100011
00000101011101000010101000100011
00000101101010011010110000100011
00000101010011101010111000100011
00000111011011011010000000100011
00000111000101100010001000100011
00000110010001100010101010000011
00000110000011011010001110000011
00000101110011101010011110000011
00000101100010011010011010000011
00000101010001000010100100000011
00000101000011111010111100000011
00000100110000100010001010000011
00000100100011000010000110000011
00000010011000011001010001100011
00000010101100101001001001100011
00000011100111110001000001100011
00000001011110010001111001100011
00000001101001101001110001100011
00000001010001111001101001100011
00000001011000111001100001100011
00000001000110101001011001100011
00000101010000000000000010010011
00000000100000000000000001101111
00000100011000000000000010010011
