00000000000000000011001010110111
00000000000000000110011100110111
00000000000000001001011110110111
00000000000000000000001100110111
00000001010100101000111000100011
00000001011101110000111000100011
00000000110001111000111000100011
00000000010000110000111000100011
00000001110000110000100110000011
00000001110001111000010010000011
00000001110001110000101000000011
00000001110000101000110100000011
00000001010111010001110001100011
00000001011110100001101001100011
00000000110001001001100001100011
00000000010010011001011001100011
00000101010000000000000010010011
00000000100000000000000001101111
00000100011000000000000010010011
