00001000100000000000110100010011
00001000011100000000110000010011
00000001100011010011100010110011
00000001100011010110010001100011
00000001100011010111111001100011
00001000010111010110000010010011
01000001101011000000001110110011
01000000000000111101001110010011
00000000000000111111001110110011
00000000000000000000001000010011
00000000010000111000111001100011
00000100001111010110000010010011
01000001101011000000001110110011
01000000010000111101001110010011
00000000000000111111001110110011
00000000000000000000001000010011
11111100010000111000101011100011
00000101010000000000000010010011
00000000100000000000000001101111
00000100011000000000000010010011
