00000000111000000000110010010011
00000000000100000000101000010011
00000000000100000000000100010011
00000000001100000000000110010011
00000010000011001000000001100011
00000010001011001000010001100011
00000010001111001100100001100011
00000000001010100000011100110011
00000000000000010000101000010011
00000000000001110000000100010011
00000000000100011000000110010011
11111110110111111111000001101111
00000000000000000000011100010011
00000000000000000000111100010011
00000011111001110001000001100011
00000000000100000000011100010011
00000000000100000000100110010011
00000001001101110001101001100011
00010111100100000000111000010011
11111111110001110001100011100011
00000101010000000000000010010011
00000000100000000000000001101111
00000100011000000000000010010011
