00000000000000000010110110010111
00000000000000000100010000010111
00000000000000000011001000010111
00000000000000000110100100010111
00000000000000000110110100110111
00000000000000000001111000110111
00000000000000001001111010110111
00000000000000000000011110110111
00000000001011011010011000100011
00000000101001000010100000100011
00000001000100100010101000100011
00000001011010010010110000100011
00000000010111010010111000100011
00000010111011100010000000100011
00000010000111101010001000100011
00000011111001111010010000100011
00000010100001111010101010000011
00000010010011101010001100000011
00000010000011100010000110000011
00000001110011010010011010000011
00000001100010010010100110000011
00000001010000100010010010000011
00000001000001000010111110000011
00000000110011011010101000000011
00000010001010100001010001100011
00000010101011111001001001100011
00000011000101001001000001100011
00000001011010011001111001100011
00000000010101101001110001100011
00000000111000011001101001100011
00000000000100110001100001100011
00000001111010101001011001100011
00000101010000000000000010010011
00000000100000000000000001101111
00000100011000000000000010010011
