00001000010000000000010010010011
10000000000000000000010100010011
00111110001001001010101110010011
00000000101001001110010001100011
00000000101001001111111001100011
00001000100001001110011010010011
01000000100101010000001000110011
01000000000000100101001000010011
00000000000000100111001000110011
00000000000000000000101100010011
00000001011000100000111001100011
00000011010101001110011010010011
01000000100101010000001000110011
01000000000100100101001000010011
00000000000000100111001000110011
00000000000000000000101100010011
00000001011000100000001001100011
00000101010000000000000010010011
00000000100000000000000001101111
00000100011000000000000010010011
