10000000000000000000101100010011
00001001111100000000110110010011
00000001101110110011010110110011
00000001101110110110010001100011
00000001101110110111111001100011
00001011101010110110100010010011
01000001011011011000011010110011
01000000000001101101011010010011
00000000000001101111011010110011
00000000000000000000000110010011
00000000001101101000111001100011
00000001010010110110100010010011
01000001011011011000011010110011
01000000001101101101011010010011
00000000000001101111011010110011
00000000000000000000000110010011
00000000001101101000001001100011
00000101010000000000000010010011
00000000100000000000000001101111
00000100011000000000000010010011
