00000000000000000101100110110111
00000000000000000011010000110111
00000000000000000110110000110111
00000000000000001001001100110111
00000011001010011010110000100011
00000010010001000010111000100011
00000101010011000010000000100011
00000101110000110010001000100011
00000100010000110010111100000011
00000100000011000010011010000011
00000011110001000010100010000011
00000011100010011010101110000011
00000001001010111001110001100011
00000000010010001001101001100011
00000001010001101001100001100011
00000001110011110001011001100011
00000101010000000000000010010011
00000000100000000000000001101111
00000100011000000000000010010011
