10000000000000000000000010010011
00000001100000000000110110010011
00000001101100001011011000110011
00000001101100001110010001100011
00000001101100001111111001100011
00000010000000001110100000010011
01000000000111011000001100110011
01000000001100110101001100010011
00000000000000110111001100110011
00000000000000000000101010010011
00000001010100110000111001100011
00000001100000001110100000010011
01000000000111011000001100110011
01000000000000110101001100010011
00000000000000110111001100110011
00000000000000000000101010010011
00000001010100110000001001100011
00000101010000000000000010010011
00000000100000000000000001101111
00000100011000000000000010010011
