00001100011100000000001010010011
10000000000000000000000110010011
00110001100100101010010110010011
00000000001100101110010001100011
00000000001100101111111001100011
00001011001000101110110100010011
01000000010100011000011100110011
01000000010001110101011100010011
00000000000001110111011100110011
00000000000000000000100110010011
00000001001101110000111001100011
00000000111000101110110100010011
01000000010100011000011100110011
01000000001001110101011100010011
00000000000001110111011100110011
00000000000000000000100110010011
00000001001101110000001001100011
00000101010000000000000010010011
00000000100000000000000001101111
00000100011000000000000010010011
