00000000010000000000011000010011
00000000000000000000110010110011
00000000000000000000111110110011
00000000000000000000011100010011
00000000001000000000001000010011
00000010000000000000010100010011
00000001010000000000110000010011
00000010000000000000000010010011
00000011010000000000111000010011
00000010101001110000110000100011
00000011100001110000111000100011
00000100000101110000000000100011
00000101110001110000001000100011
00000000010011111001010110110011
00000000111001011000111010110011
00000011100011101100010010000011
00000000100111001000110010110011
00000000000111111000111110010011
00000000110011111000010001100011
11111110100111111111000001101111
00001000100000000000101000010011
00000001100110100001011001100011
00000101010000000000000010010011
00000000100000000000000001101111
00000100011000000000000010010011
