00000001100100000000010000010011
00000001100000000000111110010011
00000001111101000011000100110011
00000001111101000110010001100011
00000001111101000111111001100011
00001000010001000110110010010011
01000000100011111000100110110011
01000000000010011101100110010011
00000000000010011111100110110011
00000000000000000000111000010011
00000001110010011000111001100011
00000110010001000110110010010011
01000000100011111000100110110011
01000000000110011101100110010011
00000000000010011111100110110011
00000000000000000000111000010011
11111101110010011000101011100011
00000101010000000000000010010011
00000000100000000000000001101111
00000100011000000000000010010011
