00000000000000000110011010110111
00000000000000000111100010110111
00000000000000000111101010110111
00000000000000000010111000110111
00000101100101101010001000100011
00000101111110001010010000100011
00000101000010101010011000100011
00000100010111100010100000100011
00000101000011100010001110000011
00000100110010101010101000000011
00000100100010001010011000000011
00000100010001101010111100000011
00000001100111110001110001100011
00000001111101100001101001100011
00000001000010100001100001100011
00000000010100111001011001100011
00000101010000000000000010010011
00000000100000000000000001101111
00000100011000000000000010010011
