00000000010000000000010100010011
00000000000000000000011010110011
00000000000000000000110000110011
00000010000000000000011000010011
00000000001000000000111000010011
00000011010000000000101000010011
00000000100000000000111100010011
00000000100000000000010000010011
00000001010000000000000010010011
00000001010001100000101000100011
00000001111001100000110000100011
00000000100001100000111000100011
00000010000101100000000000100011
00000001110011000001000110110011
00000000110000011000011110110011
00000001010001111100001100000011
00000000011001101000011010110011
00000000000111000000110000010011
00000000101011000000010001100011
11111110100111111111000001101111
00000101100000000000111010010011
00000000110111101001011001100011
00000101010000000000000010010011
00000000100000000000000001101111
00000100011000000000000010010011
