00001001101000000000111110010011
00000011011100000000000110010011
00000101100100000000000100010011
00000000001000000000111000010011
00000000001100000000010010010011
00000000001111111100010001100011
00000000001111111101111001100011
01000001110000010000001100110011
00000001110000010111100010110011
00000000011010001000100010110011
00000000100110001101100010110011
00000000101000000000111010010011
00000011110110001001001001100011
00000001110000010110001100110011
00000001110000010100100010110011
00000000011010001000100010110011
01000000100110001101100010110011
00000001011000000000111010010011
00000001110110001001011001100011
00000101010000000000000010010011
00000000100000000000000001101111
00000100011000000000000010010011
