00000000010000000000011110010011
00000000000000000000100000110011
00000000000000000000110110110011
00000010010000000000101100010011
00000000001000000000010100010011
00000001110000000000011010010011
00000001010000000000001000010011
00000001110000000000110000010011
00000011000000000000111110010011
00000010110110110000000000100011
00000010010010110000001000100011
00000011100010110000010000100011
00000011111110110000011000100011
00000000101011011001101110110011
00000001011010111000001110110011
00000010000000111100000100000011
00000000001010000000100000110011
00000000000111011000110110010011
00000000111111011000010001100011
11111110100111111111000001101111
00000111110000000000010110010011
00000001000001011001011001100011
00000101010000000000000010010011
00000000100000000000000001101111
00000100011000000000000010010011
