00000000001100000000111000010011
00001011011100000000010000010011
00001011011111100011101000010011
00000000100011100110010001100011
00000000100011100111111001100011
00000001110111100110011110010011
01000001110001000000101010110011
01000000000010101101101010010011
00000000000010101111101010110011
00000000000000000000010010010011
00000000100110101000111001100011
00001010110111100110011110010011
01000001110001000000101010110011
01000000010010101101101010010011
00000000000010101111101010110011
00000000000000000000010010010011
00000000100110101000001001100011
00000101010000000000000010010011
00000000100000000000000001101111
00000100011000000000000010010011
