00001000000000000000000010010011
00000001110100000000101010010011
00000001000000000000010000010011
00000000011000000000100000010011
00000000000100000000111000010011
00000001010100001100010001100011
00000001010100001101111001100011
01000001000001000000111100110011
00000001000001000111000100110011
00001011011100010010000100010011
00000001110000010101000100110011
00000000010100000000110010010011
00000011100100010001001001100011
00000001000001000110111100110011
00000001000001000100000100110011
00001011001000010011000100010011
01000001110000010101000100110011
00000001011000000000110010010011
00000001100100010001011001100011
00000101010000000000000010010011
00000000100000000000000001101111
00000100011000000000000010010011
