00000110111100000000110000010011
00000010000000000000100000010011
00001011000000000000111010010011
00000001000011000110010001100011
00000001000011000111111001100011
00000000100011101000001010010011
00000101110011101111011110010011
00000000010101111000011110110011
00000000001101111101011110010011
00000001100100000000110100010011
00000011101001111001001001100011
00001010110011101110001010010011
00001011101111101100011110010011
00000000010101111000011110110011
01000000001101111101011110010011
00000001100000000000110100010011
00000001101001111001011001100011
00000101010000000000000010010011
00000000100000000000000001101111
00000100011000000000000010010011
