00000000010000000000010000010011
00000000000000000000010110110011
00000000000000000000100000110011
00000100100000000000011110010011
00000000001000000000001010010011
00000001000000000000100100010011
00000010010000000000101010010011
00000011110000000000000110010011
00000000000000000000011000010011
00000011001001111001010000100011
00000011010101111001011000100011
00000010001101111001100000100011
00000010110001111001101000100011
00000000010110000001001000110011
00000000111100100000101110110011
00000010100010111101110000000011
00000001100001011000010110110011
00000000000110000000100000010011
00000000100010000000010001100011
11111110100111111111000001101111
00000111000000000000011100010011
00000000101101110001011001100011
00000101010000000000000010010011
00000000100000000000000001101111
00000100011000000000000010010011
