00000000010000000000100100010011
00000000000000000000100000110011
00000000000000000000110110110011
00000010010000000000011000010011
00000000000000000000010100010011
00000100100000000000110000010011
00000010000000000000001110010011
00000011100000000000101110010011
00000000101001100000101000100011
00000001100001100000110000100011
00000000011101100000111000100011
00000011011101100000000000100011
00000000001011011001001000010011
00000000110000100000011110110011
00000001010001111000110010000011
00000001100110000000100000110011
00000000000111011000110110010011
00000001001011011000010001100011
11111110100111111111000001101111
00001010000000000000111010010011
00000001000011101001011001100011
00000101010000000000000010010011
00000000100000000000000001101111
00000100011000000000000010010011
