00000000010000000000001100010011
00000000000100000000110000010011
00000000000100000000011010010011
00000000001100000000101110010011
00000010000000110000000001100011
00000010110100110000010001100011
00000011011100110100100001100011
00000000110111000000101000110011
00000000000001101000110000010011
00000000000010100000011010010011
00000000000110111000101110010011
11111110110111111111000001101111
00000000000000000000101000010011
00000000000000000000111010010011
00000011110110100001000001100011
00000000000100000000101000010011
00000000000100000000110100010011
00000001101010100001101001100011
00000000001100000000000110010011
11111110001110100001100011100011
00000101010000000000000010010011
00000000100000000000000001101111
00000100011000000000000010010011
