00000000000000000110111000010111
00000000000000000011110000010111
00000000000000000100101010010111
00000000000000000100011110010111
00000000000000000110101110110111
00000000000000000010001100110111
00000000000000001001010010110111
00000000000000001001010110110111
00000000001011100010110000100011
00000000010011000010111000100011
00000010110110101010000000100011
00000010111001111010001000100011
00000011101010111010010000100011
00000010000100110010011000100011
00000011111101001010100000100011
00000010100001011010101000100011
00000011010001011010111010000011
00000011000001001010001010000011
00000010110000110010101000000011
00000010100010111010110010000011
00000010010001111010100000000011
00000010000010101010101100000011
00000001110011000010100010000011
00000001100011100010010100000011
00000010001001010001010001100011
00000010010010001001001001100011
00000010110110110001000001100011
00000000111010000001111001100011
00000001101011001001110001100011
00000000000110100001101001100011
00000001111100101001100001100011
00000000100011101001011001100011
00000101010000000000000010010011
00000000100000000000000001101111
00000100011000000000000010010011
