00000011110100000000111010010011
11111101101000000000110010010011
00000111000100000000010110010011
00000110010100000000010010010011
00000000000100000000011000010011
00000001100111101100010001100011
00000001100111101101111001100011
01000000100101011000101010110011
00000000100101011111101100110011
00000001000010110010101100010011
00000000110010110101101100110011
00000011011000000000001000010011
00000010010010110001001001100011
00000000100101011110101010110011
00000000100101011100101100110011
00000001010010110011101100010011
01000000110010110101101100110011
00000100010000000000001000010011
00000000010010110001011001100011
00000101010000000000000010010011
00000000100000000000000001101111
00000100011000000000000010010011
