00000011101100000000011100010011
00000011101000000000100010010011
00000001000101110011101100110011
00000001000101110110010001100011
00000001000101110111111001100011
00000001000101110110011010010011
01000000111010001000111000110011
01000000010011100101111000010011
00000000000011100111111000110011
00000000000000000000110000010011
00000001100011100000111001100011
00000011111101110110011010010011
01000000111010001000111000110011
01000000000011100101111000010011
00000000000011100111111000110011
00000000000000000000110000010011
11111101100011100000101011100011
00000101010000000000000010010011
00000000100000000000000001101111
00000100011000000000000010010011
