00000000010000000000100010010011
00000000000000000000000110110011
00000000000000000000101110110011
00000000010000000000010010010011
00000000001000000000011000010011
00000100000000000000000010010011
00000001010000000000101010010011
00000010110000000000001100010011
00000100000000000000110110010011
00000010000101001001010000100011
00000011010101001001011000100011
00000010011001001001100000100011
00000011101101001001101000100011
00000000110010111001111010110011
00000000100111101000011010110011
00000010100001101101110010000011
00000001100100011000000110110011
00000000000110111000101110010011
00000001000110111000010001100011
11111110100111111111000001101111
00001100000000000000111100010011
00000000001111110001011001100011
00000101010000000000000010010011
00000000100000000000000001101111
00000100011000000000000010010011
