00000000010000000000111110010011
00000000000000000000110110110011
00000000000000000000010100110011
00000100010000000000000010010011
00000000001000000000100100010011
00000010000000000000111100010011
00000011100000000000011010010011
00000100110000000000011100010011
00000010100000000000000100010011
00000001111000001001101000100011
00000000110100001001110000100011
00000000111000001001111000100011
00000010001000001001000000100011
00000001001001010001010000110011
00000000000101000000111000110011
00000001010011100101010010000011
00000000100111011000110110110011
00000000000101010000010100010011
00000001111101010000010001100011
11111110100111111111000001101111
00001100110000000000000110010011
00000001101100011001011001100011
00000101010000000000000010010011
00000000100000000000000001101111
00000100011000000000000010010011
