00000000010000000000001100010011
00000000000000000000110010110011
00000000000000000000100010110011
00000100110000000000110100010011
00000010100000000000111010010011
00000011000000000000001110010011
00000001110000000000001000010011
00000010100000000000100100010011
00000011110111010010110000100011
00000010011111010010111000100011
00000100010011010010000000100011
00000101001011010010001000100011
00000000001010001001010010010011
00000001101001001000011000110011
00000011100001100010011010000011
00000000110111001000110010110011
00000000000110001000100010010011
00000000011010001000010001100011
11111110100111111111000001101111
00001001110000000000111000010011
00000001100111100001011001100011
00000101010000000000000010010011
00000000100000000000000001101111
00000100011000000000000010010011
