00000000010000000000010100010011
00000000000000000000101110110011
00000000000000000000011000110011
00000000010000000000111010010011
00000000001000000000010000010011
00000011110000000000101010010011
00000010000000000000110110010011
00000011010000000000111000010011
00000010110000000000000010010011
00000011010111101000111000100011
00000101101111101000000000100011
00000101110011101000001000100011
00000100000111101000010000100011
00000000100001100001001100110011
00000001110100110000100110110011
00000011110010011100010010000011
00000000100110111000101110110011
00000000000101100000011000010011
00000000101001100000010001100011
11111110100111111111000001101111
00001011110000000000010110010011
00000001011101011001011001100011
00000101010000000000000010010011
00000000100000000000000001101111
00000100011000000000000010010011
