00000000000000000111001000110111
00000000000000000011101110110111
00000000000000000100001010110111
00000000000000000110111010110111
00000000000000000000100100110111
00000000000000000001001100110111
00000000000000000000010000110111
00000000000000000100101010110111
00000010110100100010100000100011
00000011010010111010101000100011
00000010011100101010110000100011
00000011111011101010111000100011
00000101000110010010000000100011
00000101100000110010001000100011
00000101001101000010010000100011
00000100001110101010011000100011
00000100110010101010000100000011
00000100100001000010110100000011
00000100010000110010011100000011
00000100000010010010111000000011
00000011110011101010010110000011
00000011100000101010011110000011
00000011010010111010100000000011
00000011000000100010111110000011
00000010110111111001010001100011
00000011010010000001001001100011
00000010011101111001000001100011
00000001111001011001111001100011
00000001000111100001110001100011
00000001100001110001101001100011
00000001001111010001100001100011
00000000001100010001011001100011
00000101010000000000000010010011
00000000100000000000000001101111
00000100011000000000000010010011
