00000110110100000000111000010011
10000000000000000000010100010011
00001101011111100010001100010011
00000000101011100110010001100011
00000000101011100111111001100011
00000010100011100110110000010011
01000001110001010000111110110011
01000000010011111101111110010011
00000000000011111111111110110011
00000000000000000000110100010011
00000001101011111000111001100011
00000011101111100110110000010011
01000001110001010000111110110011
01000000000111111101111110010011
00000000000011111111111110110011
00000000000000000000110100010011
00000001101011111000001001100011
00000101010000000000000010010011
00000000100000000000000001101111
00000100011000000000000010010011
