00000000000000001001101010110111
00000000000000001000110010110111
00000000000000001001111010110111
00000000000000001001001010110111
00000100001110101010010000100011
00000101000011001010011000100011
00000100111111101010100000100011
00000101101000101010101000100011
00000101010000101010011000000011
00000101000011101010011100000011
00000100110011001010110000000011
00000100100010101010101000000011
00000000001110100001110001100011
00000001000011000001101001100011
00000000111101110001100001100011
00000001101001100001011001100011
00000101010000000000000010010011
00000000100000000000000001101111
00000100011000000000000010010011
