00000000010000000000011110010011
00000000000000000000111010010011
00000000000000000000010100010011
00000011100000000000000100010011
00000000010000000000110110010011
00000000000000000000110000010011
00000001100000000000111110010011
00000000010000000000001100010011
00000001101100010001111000100011
00000011100000010001000000100011
00000011111100010001001000100011
00000010011000010001010000100011
00000000001001010001001110010011
00000000001000111000010010110011
00000001110001001001011010000011
00000000110111101000111010110011
00000000000101010000010100010011
00000000111101010000010001100011
11111110100111111111000001101111
00000010000000000000100000010011
00000001110110000001011001100011
00000101010000000000000010010011
00000000100000000000000001101111
00000100011000000000000010010011
