00000000000000000111110010110111
00000000000000000011110000110111
00000000000000000011010000110111
00000000000000000011100100110111
00000110111011001000001000100011
00000110001011000000001000100011
00000110001101000000001000100011
00000111010110010000001000100011
00000110010010010000100000000011
00000110010001000000100010000011
00000110010011000000001000000011
00000110010011001000111010000011
00000000111011101001110001100011
00000000001000100001101001100011
00000000001110001001100001100011
00000001010110000001011001100011
00000101010000000000000010010011
00000000100000000000000001101111
00000100011000000000000010010011
