00000000000000000000010000010111
00000000000000000010001110010111
00000000000000001001100110010111
00000000000000001000000100010111
00000000000000001000101000110111
00000000000000000100110110110111
00000000000000000110000110110111
00000000000000000010110010110111
00000001000001000010100000100011
00000001111000111010101000100011
00000000000110011010110000100011
00000000010100010010111000100011
00000011000110100010000000100011
00000011110111011010001000100011
00000011010100011010010000100011
00000010011011001010011000100011
00000010110011001010010100000011
00000010100000011010010010000011
00000010010011011010011000000011
00000010000010100010110100000011
00000001110000010010100100000011
00000001100010011010010110000011
00000001010000111010001000000011
00000001000001000010011010000011
00000011000001101001010001100011
00000011111000100001001001100011
00000010000101011001000001100011
00000000010110010001111001100011
00000001000111010001110001100011
00000001110101100001101001100011
00000001010101001001100001100011
00000000011001010001011001100011
00000101010000000000000010010011
00000000100000000000000001101111
00000100011000000000000010010011
