00000000010000000000111000010011
00000000000000000000011100110011
00000000000000000000110010110011
00000001000000000000101010010011
00000000001000000000100010010011
00000100110000000000110000010011
00000100100000000000000010010011
00000000100000000000001010010011
00000010100000000000111100010011
00000011100010101001010000100011
00000010000110101001011000100011
00000010010110101001100000100011
00000011111010101001101000100011
00000001000111001001100100110011
00000001010110010000001100110011
00000010100000110101101100000011
00000001011001110000011100110011
00000000000111001000110010010011
00000001110011001000010001100011
11111110100111111111000001101111
00001100010000000000010010010011
00000000111001001001011001100011
00000101010000000000000010010011
00000000100000000000000001101111
00000100011000000000000010010011
