00000000010000000000101100010011
00000000000000000000010100110011
00000000000000000000011000110011
00000010000000000000011010010011
00000001100000000000111000010011
00000000100000000000001010010011
00000011010000000000001000010011
00000010100000000000111010010011
00000101110001101010000000100011
00000100010101101010001000100011
00000100010001101010010000100011
00000101110101101010011000100011
00000000001001100001000100010011
00000000110100010000011100110011
00000100000001110010100100000011
00000001001001010000010100110011
00000000000101100000011000010011
00000001011001100000010001100011
11111110100111111111000001101111
00000111110000000000000110010011
00000000101000011001011001100011
00000101010000000000000010010011
00000000100000000000000001101111
00000100011000000000000010010011
