00000011110000000000011110010011
10000000000000000000110100010011
00000101010001111010101010010011
00000001101001111110010001100011
00000001101001111111111001100011
00000011110101111110001010010011
01000000111111010000111000110011
01000000000111100101111000010011
00000000000011100111111000110011
00000000000000000000000010010011
00000000000111100000111001100011
00001000000001111110001010010011
01000000111111010000111000110011
01000000001011100101111000010011
00000000000011100111111000110011
00000000000000000000000010010011
00000000000111100000001001100011
00000101010000000000000010010011
00000000100000000000000001101111
00000100011000000000000010010011
