00000000000000000011010110010111
00000000000000000010011000010111
00000000000000000100010100010111
00000000000000000101101110010111
00000000000000000101110010110111
00000000000000000000010000110111
00000000000000000101001000110111
00000000000000000101101000110111
00000101001001011010100000100011
00000101010101100010101000100011
00000101110101010010110000100011
00000100011110111010111000100011
00000111111111001010000000100011
00000111000001000010001000100011
00000111101000100010010000100011
00000110100110100010011000100011
00000110110010100010000010000011
00000110100000100010011010000011
00000110010001000010111000000011
00000110000011001010101100000011
00000101110010111010110000000011
00000101100001010010110110000011
00000101010001100010100010000011
00000101000001011010011100000011
00000011001001110001010001100011
00000011010110001001001001100011
00000011110111011001000001100011
00000000011111000001111001100011
00000001111110110001110001100011
00000001000011100001101001100011
00000001101001101001100001100011
00000000100100001001011001100011
00000101010000000000000010010011
00000000100000000000000001101111
00000100011000000000000010010011
