00000110000000000000110000010011
10000000000000000000111100010011
00010110110111000010011110010011
00000001111011000110010001100011
00000001111011000111111001100011
00001001110011000110100010010011
01000001100011110000010110110011
01000000000101011101010110010011
00000000000001011111010110110011
00000000000000000000100110010011
00000001001101011000111001100011
00000000010011000110100010010011
01000001100011110000010110110011
01000000010001011101010110010011
00000000000001011111010110110011
00000000000000000000100110010011
00000001001101011000001001100011
00000101010000000000000010010011
00000000100000000000000001101111
00000100011000000000000010010011
