00001100011000000000010010010011
00001100010100000000111000010011
00000001110001001011010000110011
00000001110001001110010001100011
00000001110001001111111001100011
00001001101001001110000110010011
01000000100111100000001110110011
01000000001100111101001110010011
00000000000000111111001110110011
00000000000000000000000100010011
00000000001000111000111001100011
00001010001001001110000110010011
01000000100111100000001110110011
01000000001100111101001110010011
00000000000000111111001110110011
00000000000000000000000100010011
11111100001000111000101011100011
00000101010000000000000010010011
00000000100000000000000001101111
00000100011000000000000010010011
