00000100100100000000101110010011
10000000000000000000101010010011
00100000001110111010100010010011
00000001010110111110010001100011
00000001010110111111111001100011
00000011010110111110111000010011
01000001011110101000011010110011
01000000001001101101011010010011
00000000000001101111011010110011
00000000000000000000011000010011
00000000110001101000111001100011
00000011110010111110111000010011
01000001011110101000011010110011
01000000010001101101011010010011
00000000000001101111011010110011
00000000000000000000011000010011
00000000110001101000001001100011
00000101010000000000000010010011
00000000100000000000000001101111
00000100011000000000000010010011
