00001000001100000000100100010011
00001000011100000000001010010011
00001000011110010011010100010011
00000000010110010110010001100011
00000000010110010111111001100011
00001001101010010110010000010011
01000001001000101000101100110011
01000000001010110101101100010011
00000000000010110111101100110011
00000000000000000000110110010011
00000001101110110000111001100011
00000010001110010110010000010011
01000001001000101000101100110011
01000000001010110101101100010011
00000000000010110111101100110011
00000000000000000000110110010011
00000001101110110000001001100011
00000101010000000000000010010011
00000000100000000000000001101111
00000100011000000000000010010011
