00000000010000000000100100010011
00000000000000000000001100110011
00000000000000000000110110110011
00000010100000000000110100010011
00000011000000000000100000010011
00000001110000000000111100010011
00000000010000000000010110010011
00000010000000000000000100010011
00000111000011010010011000100011
00000111111011010010100000100011
00000110101111010010101000100011
00000110001011010010110000100011
00000000001011011001100010010011
00000001101010001000001000110011
00000110110000100010000110000011
00000000001100110000001100110011
00000000000111011000110110010011
00000001001011011000010001100011
11111110100111111111000001101111
00000111000000000000101010010011
00000000011010101001011001100011
00000101010000000000000010010011
00000000100000000000000001101111
00000100011000000000000010010011
