00000000100000000000011010010011
00000000000100000000011100010011
00000000000100000000100100010011
00000000001100000000111000010011
00000010000001101000000001100011
00000011001001101000010001100011
00000011110001101100100001100011
00000001001001110000010010110011
00000000000010010000011100010011
00000000000001001000100100010011
00000000000111100000111000010011
11111110110111111111000001101111
00000000000000000000010010010011
00000000000000000000101100010011
00000011011001001001000001100011
00000000000100000000010010010011
00000000000100000000110010010011
00000001100101001001101001100011
00000001010100000000010110010011
11111110101101001001100011100011
00000101010000000000000010010011
00000000100000000000000001101111
00000100011000000000000010010011
