00000000000000001000110100010111
00000000000000000011000110010111
00000000000000000100100100010111
00000000000000001000001000010111
00000000000000000100101000110111
00000000000000000111011010110111
00000000000000000011111110110111
00000000000000000010101110110111
00000011000111010010001000100011
00000011011000011010010000100011
00000010101010010010011000100011
00000010111100100010100000100011
00000010010110100010101000100011
00000010100001101010110000100011
00000011000011111010111000100011
00000101111010111010000000100011
00000100000010111010100110000011
00000011110011111010011100000011
00000011100001101010101010000011
00000011010010100010010110000011
00000011000000100010001100000011
00000010110010010010110110000011
00000010100000011010110010000011
00000010010011010010000100000011
00000011000100010001010001100011
00000011011011001001001001100011
00000010101011011001000001100011
00000000111100110001111001100011
00000000010101011001110001100011
00000000100010101001101001100011
00000001000001110001100001100011
00000001111010011001011001100011
00000101010000000000000010010011
00000000100000000000000001101111
00000100011000000000000010010011
