00000000000000000110001010010111
00000000000000001000110010010111
00000000000000000101010010010111
00000000000000001001011110010111
00000000000000000110111010110111
00000000000000001001000010110111
00000000000000000000111110110111
00000000000000001001000100110111
00000101001000101010111000100011
00000111101011001010000000100011
00000111011101001010001000100011
00000111011001111010010000100011
00000110111011101010011000100011
00000110100000001010100000100011
00000111010011111010101000100011
00000110011000010010110000100011
00000111100000010010100010000011
00000111010011111010100000000011
00000111000000001010000110000011
00000110110011101010001000000011
00000110100001111010011000000011
00000110010001001010101010000011
00000110000011001010010110000011
00000101110000101010011010000011
00000011001001101001010001100011
00000011101001011001001001100011
00000011011110101001000001100011
00000001011001100001111001100011
00000000111000100001110001100011
00000000100000011001101001100011
00000001010010000001100001100011
00000000011010001001011001100011
00000101010000000000000010010011
00000000100000000000000001101111
00000100011000000000000010010011
