00001010101000000000111010010011
00000111111100000000100110010011
00001000010100000000101000010011
00000001001111101110010001100011
00000001001111101111111001100011
00000001011110100000110100010011
00000010100010100111010000010011
00000001101001000000010000110011
00000000010001000101010000010011
00000000100100000000011100010011
00000010111001000001001001100011
00000101111010100110110100010011
00001001001010100100010000010011
00000001101001000000010000110011
01000000001101000101010000010011
00000001111000000000011100010011
00000000111001000001011001100011
00000101010000000000000010010011
00000000100000000000000001101111
00000100011000000000000010010011
