00000000000000000110001010110111
00000000000000000001011110110111
00000000000000000100010000110111
00000000000000000111111010110111
00000000000000000110111000110111
00000000000000000001010010110111
00000000000000000110111100110111
00000000000000001000011100110111
00000100110000101010011000100011
00000101001101111010100000100011
00000101010101000010101000100011
00000101101011101010110000100011
00000101100111100010111000100011
00000111000001001010000000100011
00000111111111110010001000100011
00000111011001110010010000100011
00000110100001110010101000000011
00000110010011110010001110000011
00000110000001001010100010000011
00000101110011100010100100000011
00000101100011101010001100000011
00000101010001000010000100000011
00000101000001111010011010000011
00000100110000101010000110000011
00000010110000011001010001100011
00000011001101101001001001100011
00000011010100010001000001100011
00000001101000110001111001100011
00000001100110010001110001100011
00000001000010001001101001100011
00000001111100111001100001100011
00000001011010100001011001100011
00000101010000000000000010010011
00000000100000000000000001101111
00000100011000000000000010010011
