00001001111000000000111110010011
00001001001100000000001010010011
00001010100100000000101100010011
00000000010111111110010001100011
00000000010111111111111001100011
00000101110110110000100100010011
00000001110110110111110010010011
00000001001011001000110010110011
00000000001111001101110010010011
00000010000100000000000010010011
00000010000111001001001001100011
00001001101010110110100100010011
00000100000110110100110010010011
00000001001011001000110010110011
01000000001011001101110010010011
00000110100000000000000010010011
00000000000111001001011001100011
00000101010000000000000010010011
00000000100000000000000001101111
00000100011000000000000010010011
