00000000010000000000011010010011
00000000000000000000011000110011
00000000000000000000101000110011
00000011100000000000100100010011
00000100110000000000000010010011
00000001110000000000111000010011
00000011000000000000011100010011
00000000000000000000001010010011
00000010000110010010111000100011
00000101110010010010000000100011
00000100111010010010001000100011
00000100010110010010010000100011
00000000001010100001001110010011
00000001001000111000010010110011
00000011110001001010101110000011
00000001011101100000011000110011
00000000000110100000101000010011
00000000110110100000010001100011
11111110100111111111000001101111
00001001100000000000110010010011
00000000110011001001011001100011
00000101010000000000000010010011
00000000100000000000000001101111
00000100011000000000000010010011
