00001011010000000000110000010011
00000101011000000000111000010011
00000000000000000000011010010011
00000001110011000110010001100011
00000001110011000111111001100011
00001000001001101000010010010011
00000111111001101111011100010011
00000000100101110000011100110011
00000000000001110101011100010011
00001000001000000000111110010011
00000011111101110001001001100011
00000100110101101110010010010011
00000111110101101100011100010011
00000000100101110000011100110011
01000000001101110101011100010011
00000001100100000000111110010011
00000001111101110001011001100011
00000101010000000000000010010011
00000000100000000000000001101111
00000100011000000000000010010011
