00000010111100000000100110010011
00001000001000000000101010010011
00001011110100000000111000010011
00000001010110011110010001100011
00000001010110011111111001100011
00001001111011100000101000010011
00000011110011100111000010010011
00000001010000001000000010110011
00000000000100001101000010010011
00001100101100000000001000010011
00000010010000001001001001100011
00000001111011100110101000010011
00000011010011100100000010010011
00000001010000001000000010110011
01000000000100001101000010010011
00001010010000000000001000010011
00000000010000001001011001100011
00000101010000000000000010010011
00000000100000000000000001101111
00000100011000000000000010010011
