00000000001100000000110000010011
00000000000100000000111100010011
00000000000100000000011110010011
00000000001100000000001100010011
00000010000011000000000001100011
00000010111111000000010001100011
00000010011011000100100001100011
00000000111111110000011000110011
00000000000001111000111100010011
00000000000001100000011110010011
00000000000100110000001100010011
11111110110111111111000001101111
00000000000000000000011000010011
00000000000000000000111110010011
00000011111101100001000001100011
00000000000100000000011000010011
00000000000100000000001000010011
00000000010001100001101001100011
00000000001000000000100000010011
11111111000001100001100011100011
00000101010000000000000010010011
00000000100000000000000001101111
00000100011000000000000010010011
