00001011010000000000010010010011
00000101000100000000111010010011
00001001100100000000001110010011
00001100011000000000101110010011
00000000000000000000010000010011
00000001110101001100010001100011
00000001110101001101111001100011
01000001011100111000100110110011
00000001011100111111000110110011
00001100011100011010000110010011
00000000100000011101000110110011
00000101001100000000011000010011
00000010110000011001001001100011
00000001011100111110100110110011
00000001011100111100000110110011
00000000001000011011000110010011
01000000100000011101000110110011
00010011111000000000011000010011
00000000110000011001011001100011
00000101010000000000000010010011
00000000100000000000000001101111
00000100011000000000000010010011
