00000101101100000000100100010011
10000000000000000000000110010011
00000110000110010010100000010011
00000000001110010110010001100011
00000000001110010111111001100011
00001001010010010110111100010011
01000001001000011000011110110011
01000000000101111101011110010011
00000000000001111111011110110011
00000000000000000000011100010011
00000000111001111000111001100011
00000110011110010110111100010011
01000001001000011000011110110011
01000000001101111101011110010011
00000000000001111111011110110011
00000000000000000000011100010011
00000000111001111000001001100011
00000101010000000000000010010011
00000000100000000000000001101111
00000100011000000000000010010011
