00000000000000000010110000010111
00000000000000001000100000010111
00000000000000000110101000010111
00000000000000000001011000010111
00000000000000000011001000110111
00000000000000000000100110110111
00000000000000000111110100110111
00000000000000000011011110110111
00000011100111000010100000100011
00000010100110000010101000100011
00000010011110100010110000100011
00000010111001100010111000100011
00000100011000100010000000100011
00000100100010011010001000100011
00000101111011010010010000100011
00000101011001111010011000100011
00000100110001111010001010000011
00000100100011010010101110000011
00000100010010011010100100000011
00000100000000100010110110000011
00000011110001100010000100000011
00000011100010100010000010000011
00000011010010000010111110000011
00000011000011000010000110000011
00000011100100011001010001100011
00000010100111111001001001100011
00000010011100001001000001100011
00000000111000010001111001100011
00000000011011011001110001100011
00000000100010010001101001100011
00000001111010111001100001100011
00000001011000101001011001100011
00000101010000000000000010010011
00000000100000000000000001101111
00000100011000000000000010010011
