00000000000000001000010100110111
00000000000000000000111100110111
00000000000000000101001010110111
00000000000000001001010110110111
00000000000000000001001000110111
00000000000000000101011100110111
00000000000000001001100100110111
00000000000000000110101100110111
00000011110001010010111000100011
00000100001111110010000000100011
00000101010100101010001000100011
00000101010001011010010000100011
00000101110100100010011000100011
00000100100101110010100000100011
00000101100010010010101000100011
00000100110110110010110000100011
00000101100010110010100000000011
00000101010010010010001110000011
00000101000001110010101110000011
00000100110000100010010000000011
00000100100001011010000100000011
00000100010000101010100010000011
00000100000011110010111110000011
00000011110001010010011110000011
00000011110001111001010001100011
00000010001111111001001001100011
00000011010110001001000001100011
00000001010000010001111001100011
00000001110101000001110001100011
00000000100110111001101001100011
00000001100000111001100001100011
00000000110110000001011001100011
00000101010000000000000010010011
00000000100000000000000001101111
00000100011000000000000010010011
