00000001000000000000001000010011
00001001001000000000110010010011
00000110110000000000100110010011
00000001100100100110010001100011
00000001100100100111111001100011
00001001000110011000111010010011
00000101110110011111101010010011
00000001110110101000101010110011
00000000001110101101101010010011
00000010100100000000110110010011
00000011101110101001001001100011
00000101101010011110111010010011
00000111010010011100101010010011
00000001110110101000101010110011
01000000001110101101101010010011
00000001001000000000110110010011
00000001101110101001011001100011
00000101010000000000000010010011
00000000100000000000000001101111
00000100011000000000000010010011
