00000000000000000010101000110111
00000000000000000110110010110111
00000000000000000101010010110111
00000000000000000000011100110111
00000110110110100010000000100011
00000110010111001010001000100011
00000111111101001010010000100011
00000111101001110010011000100011
00000110110001110010100010000011
00000110100001001010000110000011
00000110010011001010001000000011
00000110000010100010000100000011
00000000110100010001110001100011
00000000010100100001101001100011
00000001111100011001100001100011
00000001101010001001011001100011
00000101010000000000000010010011
00000000100000000000000001101111
00000100011000000000000010010011
