00000000000000000111101100110111
00000000000000001000010100110111
00000000000000000100010000110111
00000000000000000100101000110111
00000001011110110010101000100011
00000000001001010010110000100011
00000000011101000010111000100011
00000010010110100010000000100011
00000010000010100010110110000011
00000001110001000010010110000011
00000001100001010010011100000011
00000001010010110010110010000011
00000001011111001001110001100011
00000000001001110001101001100011
00000000011101011001100001100011
00000000010111011001011001100011
00000101010000000000000010010011
00000000100000000000000001101111
00000100011000000000000010010011
