10000000000000000000110000010011
00001011010100000000101100010011
00000001011011000011110010110011
00000001011011000110010001100011
00000001011011000111111001100011
00000110000011000110011000010011
01000001100010110000100110110011
01000000000010011101100110010011
00000000000010011111100110110011
00000000000000000000010000010011
00000000100010011000111001100011
00000010110111000110011000010011
01000001100010110000100110110011
01000000000010011101100110010011
00000000000010011111100110110011
00000000000000000000010000010011
00000000100010011000001001100011
00000101010000000000000010010011
00000000100000000000000001101111
00000100011000000000000010010011
