00000001011100000000000110010011
11111011010000000000011000010011
00001001100100000000100100010011
00001010011000000000001010010011
00000000001000000000110100010011
00000000110000011100010001100011
00000000110000011101111001100011
01000000010110010000000100110011
00000000010110010111001110110011
00000000001000111000001110110011
00000001101000111101001110110011
00000001110000000000110110010011
00000011101100111001001001100011
00000000010110010110000100110011
00000000010110010100001110110011
00000000001000111000001110110011
01000001101000111101001110110011
00000011111100000000110110010011
00000001101100111001011001100011
00000101010000000000000010010011
00000000100000000000000001101111
00000100011000000000000010010011
