00000001000100000000100000010011
00000000000100000000110000010011
00000000000100000000000010010011
00000000001100000000010100010011
00000010000010000000000001100011
00000010000110000000010001100011
00000010101010000100100001100011
00000000000111000000111100110011
00000000000000001000110000010011
00000000000011110000000010010011
00000000000101010000010100010011
11111110110111111111000001101111
00000000000000000000111100010011
00000000000000000000010010010011
00000010100111110001000001100011
00000000000100000000111100010011
00000000000100000000011010010011
00000000110111110001101001100011
01100011110100000000110010010011
11111111100111110001100011100011
00000101010000000000000010010011
00000000100000000000000001101111
00000100011000000000000010010011
