00000101000000000000101000010011
00000100111100000000010010010011
00000000100110100011000110110011
00000000100110100110010001100011
00000000100110100111111001100011
00001010010110100110011100010011
01000001010001001000101100110011
01000000000010110101101100010011
00000000000010110111101100110011
00000000000000000000111000010011
00000001110010110000111001100011
00000001110010100110011100010011
01000001010001001000101100110011
01000000010010110101101100010011
00000000000010110111101100110011
00000000000000000000111000010011
11111101110010110000101011100011
00000101010000000000000010010011
00000000100000000000000001101111
00000100011000000000000010010011
