00000010111100000000110110010011
11111100110000000000101110010011
00000111101000000000011100010011
00000010110100000000011010010011
00000000001100000000000010010011
00000001011111011100010001100011
00000001011111011101111001100011
01000000110101110000101100110011
00000000110101110111001010110011
00000001011000101000001010110011
00000000000100101101001010110011
00000000111000000000111100010011
00000011111000101001001001100011
00000000110101110110101100110011
00000000110101110100001010110011
00000001011000101000001010110011
01000000000100101101001010110011
00000001101000000000111100010011
00000001111000101001011001100011
00000101010000000000000010010011
00000000100000000000000001101111
00000100011000000000000010010011
