00000000000000000110000100010111
00000000000000000101100110010111
00000000000000000001111100010111
00000000000000000100110100010111
00000000000000000110101100110111
00000000000000000101100000110111
00000000000000000010111010110111
00000000000000000000100100110111
00000001100100010010100000100011
00000000110010011010101000100011
00000000000111110010110000100011
00000001110011010010111000100011
00000010101110110010000000100011
00000010100010000010001000100011
00000010010111101010010000100011
00000010101010010010011000100011
00000010110010010010101110000011
00000010100011101010110110000011
00000010010010000010101010000011
00000010000010110010100010000011
00000001110011010010011110000011
00000001100011110010001100000011
00000001010010011010011010000011
00000001000000010010001110000011
00000011100100111001010001100011
00000010110001101001001001100011
00000010000100110001000001100011
00000001110001111001111001100011
00000000101110001001110001100011
00000000100010101001101001100011
00000000010111011001100001100011
00000000101010111001011001100011
00000101010000000000000010010011
00000000100000000000000001101111
00000100011000000000000010010011
