10000000000000000000011000010011
00001000101100000000100100010011
00000001001001100011110100110011
00000001001001100110010001100011
00000001001001100111111001100011
00001011001101100110110010010011
01000000110010010000000100110011
01000000001100010101000100010011
00000000000000010111000100110011
00000000000000000000010000010011
00000000100000010000111001100011
00000100111101100110110010010011
01000000110010010000000100110011
01000000001000010101000100010011
00000000000000010111000100110011
00000000000000000000010000010011
00000000100000010000001001100011
00000101010000000000000010010011
00000000100000000000000001101111
00000100011000000000000010010011
