00000010110100000000000110010011
00000110010100000000101000010011
00001000000000000000100100010011
00000001010000011110010001100011
00000001010000011111111001100011
00000010111010010000010000010011
00000001110010010111101010010011
00000000100010101000101010110011
00000000010010101101101010010011
00000000101000000000011010010011
00000010110110101001001001100011
00001000001010010110010000010011
00000011110110010100101010010011
00000000100010101000101010110011
01000000001010101101101010010011
00000100111100000000011010010011
00000000110110101001011001100011
00000101010000000000000010010011
00000000100000000000000001101111
00000100011000000000000010010011
