00000000000000000000001010010011
00000100001100000000111110010011
00000100001100101011110100010011
00000001111100101110010001100011
00000001111100101111111001100011
00000110000100101110101010010011
01000000010111111000100010110011
01000000001110001101100010010011
00000000000010001111100010110011
00000000000000000000000110010011
00000000001110001000111001100011
00000110000100101110101010010011
01000000010111111000100010110011
01000000000010001101100010010011
00000000000010001111100010110011
00000000000000000000000110010011
00000000001110001000001001100011
00000101010000000000000010010011
00000000100000000000000001101111
00000100011000000000000010010011
