00000011011100000000110100010011
00001001101000000000110000010011
00001001101011010011001000010011
00000001100011010110010001100011
00000001100011010111111001100011
00001010001011010110100000010011
01000001101011000000100110110011
01000000000110011101100110010011
00000000000010011111100110110011
00000000000000000000011000010011
00000000110010011000111001100011
00000011110011010110100000010011
01000001101011000000100110110011
01000000001010011101100110010011
00000000000010011111100110110011
00000000000000000000011000010011
00000000110010011000001001100011
00000101010000000000000010010011
00000000100000000000000001101111
00000100011000000000000010010011
