00001010100000000000010010010011
00001010011100000000010100010011
00000000101001001011011010110011
00000000101001001110010001100011
00000000101001001111111001100011
00001001100101001110001000010011
01000000100101010000000010110011
01000000000100001101000010010011
00000000000000001111000010110011
00000000000000000000110000010011
00000001100000001000111001100011
00000110010001001110001000010011
01000000100101010000000010110011
01000000010000001101000010010011
00000000000000001111000010110011
00000000000000000000110000010011
11111101100000001000101011100011
00000101010000000000000010010011
00000000100000000000000001101111
00000100011000000000000010010011
