00000000000000000111011010010111
00000000000000000101010110010111
00000000000000000000000100010111
00000000000000000010100110010111
00000000000000001001001010110111
00000000000000001000101100110111
00000000000000000110110110110111
00000000000000000100111010110111
00000001000001101010000000100011
00000001000101011010001000100011
00000000111000010010010000100011
00000000101010011010011000100011
00000000000100101010100000100011
00000000100010110010101000100011
00000000011011011010110000100011
00000001011111101010111000100011
00000001110011101010111000000011
00000001100011011010100100000011
00000001010010110010011000000011
00000001000000101010101010000011
00000000110010011010101000000011
00000000100000010010110010000011
00000000010001011010111100000011
00000000000001101010010010000011
00000011000001001001010001100011
00000011000111110001001001100011
00000010111011001001000001100011
00000000101010100001111001100011
00000000000110101001110001100011
00000000100001100001101001100011
00000000011010010001100001100011
00000001011111100001011001100011
00000101010000000000000010010011
00000000100000000000000001101111
00000100011000000000000010010011
