00000000100100000000011010010011
11111010011000000000010100010011
00001001010100000000000100010011
00000101010100000000001010010011
00000000001000000000111100010011
00000000101001101100010001100011
00000000101001101101111001100011
01000000010100010000100000110011
00000000010100010111001100110011
00000001000000110000001100110011
00000001111000110101001100110011
00000001010100000000011110010011
00000010111100110001001001100011
00000000010100010110100000110011
00000000010100010100001100110011
00000001000000110000001100110011
01000001111000110101001100110011
00000110010100000000011110010011
00000000111100110001011001100011
00000101010000000000000010010011
00000000100000000000000001101111
00000100011000000000000010010011
