00000000010000000000001110010011
00000000000100000000111000010011
00000000000100000000100000010011
00000000001100000000101110010011
00000010000000111000000001100011
00000011000000111000010001100011
00000011011100111100100001100011
00000001000011100000001100110011
00000000000010000000111000010011
00000000000000110000100000010011
00000000000110111000101110010011
11111110110111111111000001101111
00000000000000000000001100010011
00000000000000000000101010010011
00000011010100110001000001100011
00000000000100000000001100010011
00000000000100000000111100010011
00000001111000110001101001100011
00000000001100000000111010010011
11111111110100110001100011100011
00000101010000000000000010010011
00000000100000000000000001101111
00000100011000000000000010010011
