00001010010000000000011100010011
00001010001100000000100110010011
00000001001101110011011110110011
00000001001101110110010001100011
00000001001101110111111001100011
00001100001101110110111000010011
01000000111010011000001100110011
01000000010000110101001100010011
00000000000000110111001100110011
00000000000000000000001000010011
00000000010000110000111001100011
00001001000101110110111000010011
01000000111010011000001100110011
01000000000100110101001100010011
00000000000000110111001100110011
00000000000000000000001000010011
11111100010000110000101011100011
00000101010000000000000010010011
00000000100000000000000001101111
00000100011000000000000010010011
