00000000010000000000101100010011
00000000000000000000001000110011
00000000000000000000111110110011
00000001010000000000011010010011
00001011000000000000000100010011
00000000010000000000101110010011
00000000110000000000011000010011
00000001000000000000110000010011
00000000001001101010111000100011
00000011011101101010000000100011
00000010110001101010001000100011
00000011100001101010010000100011
00000000001011111001101000010011
00000000110110100000101010110011
00000001110010101010111010000011
00000001110100100000001000110011
00000000000111111000111110010011
00000001011011111000010001100011
11111110100111111111000001101111
00001101000000000000001010010011
00000000010000101001011001100011
00000101010000000000000010010011
00000000100000000000000001101111
00000100011000000000000010010011
