00001011101100000000110000010011
00001011101000000000010110010011
00000000101111000011000010110011
00000000101111000110010001100011
00000000101111000111111001100011
00001100011111000110001010010011
01000001100001011000001100110011
01000000000100110101001100010011
00000000000000110111001100110011
00000000000000000000011010010011
00000000110100110000111001100011
00000101101111000110001010010011
01000001100001011000001100110011
01000000010000110101001100010011
00000000000000110111001100110011
00000000000000000000011010010011
11111100110100110000101011100011
00000101010000000000000010010011
00000000100000000000000001101111
00000100011000000000000010010011
