00001011100100000000011110010011
00000101011000000000110110010011
00000101010100000000110000010011
00001000111100000000001000010011
00000000000100000000001010010011
00000001101101111100010001100011
00000001101101111101111001100011
01000000010011000000111010110011
00000000010011000111100010110011
00000001110110001010100010110011
00000000010110001101100010110011
11111110010100000000111100010011
00000011111010001001001001100011
00000000010011000110111010110011
00000000010011000100100010110011
00000001110110001011100010110011
01000000010110001101100010110011
00001101110000000000111100010011
00000001111010001001011001100011
00000101010000000000000010010011
00000000100000000000000001101111
00000100011000000000000010010011
