00000000010000000000101000010011
00000000000000000000000110110011
00000000000000000000000010110011
00000010100000000000101010010011
00000000001000000000001010010011
00000100110000000000110110010011
00000001100000000000111000010011
00000100100000000000111100010011
00000011000000000000000100010011
00000001101110101001100000100011
00000001110010101001101000100011
00000001111010101001110000100011
00000000001010101001111000100011
00000000010100001001010100110011
00000001010101010000110000110011
00000001000011000101010110000011
00000000101100011000000110110011
00000000000100001000000010010011
00000001010000001000010001100011
11111110100111111111000001101111
00001101110000000000001100010011
00000000001100110001011001100011
00000101010000000000000010010011
00000000100000000000000001101111
00000100011000000000000010010011
