00000010111000000000111100010011
11111100101100000000011010010011
00001000100000000000100010010011
00000000111100000000110110010011
00000000001100000000101100010011
00000000110111110100010001100011
00000000110111110101111001100011
01000001101110001000101000110011
00000001101110001111101110110011
00000110101010111010101110010011
00000001011010111101101110110011
00000001000000000000000110010011
00000010001110111001001001100011
00000001101110001110101000110011
00000001101110001100101110110011
00000101110110111011101110010011
01000001011010111101101110110011
00000010001000000000000110010011
00000000001110111001011001100011
00000101010000000000000010010011
00000000100000000000000001101111
00000100011000000000000010010011
