00000000000000001001011000110111
00000000000000001000010010110111
00000000000000000011001100110111
00000000000000000101100110110111
00000000000000000101110010110111
00000000000000000111111010110111
00000000000000000000011110110111
00000000000000000001010000110111
00000000101001100010110000100011
00000001101001001010111000100011
00000010001000110010000000100011
00000011010010011010001000100011
00000010111011001010010000100011
00000011111111101010011000100011
00000010101101111010100000100011
00000010010001000010101000100011
00000011010001000010110110000011
00000011000001111010001010000011
00000010110011101010110000000011
00000010100011001010101010000011
00000010010010011010101100000011
00000010000000110010001110000011
00000001110001001010011010000011
00000001100001100010101110000011
00000010101010111001010001100011
00000011101001101001001001100011
00000010001000111001000001100011
00000001010010110001111001100011
00000000111010101001110001100011
00000001111111000001101001100011
00000000101100101001100001100011
00000000010011011001011001100011
00000101010000000000000010010011
00000000100000000000000001101111
00000100011000000000000010010011
