00000000000000000010111110110111
00000000000000001001100010110111
00000000000000001001111010110111
00000000000000000011011000110111
00000000000000000111101110110111
00000000000000000100110110110111
00000000000000000001010000110111
00000000000000000111000110110111
00000001100111111010110000100011
00000001010010001010111000100011
00000010101111101010000000100011
00000010111001100010001000100011
00000011000010111010010000100011
00000011101011011010011000100011
00000010011001000010100000100011
00000011001100011010101000100011
00000011010000011010101010000011
00000011000001000010011110000011
00000010110011011010011010000011
00000010100010111010001010000011
00000010010001100010111100000011
00000010000011101010000100000011
00000001110010001010001000000011
00000001100011111010001110000011
00000011100100111001010001100011
00000011010000100001001001100011
00000010101100010001000001100011
00000000111011110001111001100011
00000001000000101001110001100011
00000001101001101001101001100011
00000000011001111001100001100011
00000001001110101001011001100011
00000101010000000000000010010011
00000000100000000000000001101111
00000100011000000000000010010011
