00000001000100000000110010010011
00000000000100000000011010010011
00000000000100000000010100010011
00000000001100000000111100010011
00000010000011001000000001100011
00000010101011001000010001100011
00000011111011001100100001100011
00000000101001101000111010110011
00000000000001010000011010010011
00000000000011101000010100010011
00000000000111110000111100010011
11111110110111111111000001101111
00000000000000000000111010010011
00000000000000000000010000010011
00000010100011101001000001100011
00000000000100000000111010010011
00000000000100000000110000010011
00000001100011101001101001100011
01100011110100000000101110010011
11111111011111101001100011100011
00000101010000000000000010010011
00000000100000000000000001101111
00000100011000000000000010010011
