00000000010000000000100000010011
00000000000000000000010000010011
00000000000000000000110010010011
00000011010000000000011100010011
00000100100000000000110000010011
00000000110000000000100010010011
00000010110000000000101000010011
00000001010000000000110110010011
00000101100001110001010000100011
00000101000101110001011000100011
00000101010001110001100000100011
00000101101101110001101000100011
00000000001011001001111110010011
00000000111011111000100100110011
00000100100010010001010010000011
00000000100101000000010000110011
00000000000111001000110010010011
00000001000011001000010001100011
11111110100111111111000001101111
00001001010000000000001100010011
00000000100000110001011001100011
00000101010000000000000010010011
00000000100000000000000001101111
00000100011000000000000010010011
