00000000010000000000000010010011
00000000000000000000001110110011
00000000000000000000110110110011
00000000100000000000000100010011
00000001000000000000111010010011
00000011100000000000101100010011
00000011110000000000011000010011
00000000000000000000101110010011
00000011110100010000001000100011
00000011011000010000010000100011
00000010110000010000011000100011
00000011011100010000100000100011
00000000001011011001110000010011
00000000001011000000010100110011
00000010010001010000100000000011
00000001000000111000001110110011
00000000000111011000110110010011
00000000000111011000010001100011
11111110100111111111000001101111
00001000010000000000110010010011
00000000011111001001011001100011
00000101010000000000000010010011
00000000100000000000000001101111
00000100011000000000000010010011
