00001001001000000000100110010011
00001001000100000000011100010011
00000000111010011011001000110011
00000000111010011110010001100011
00000000111010011111111001100011
00000010111010011110011110010011
01000001001101110000100010110011
01000000000010001101100010010011
00000000000010001111100010110011
00000000000000000000110000010011
00000001100010001000111001100011
00001010110010011110011110010011
01000001001101110000100010110011
01000000001110001101100010010011
00000000000010001111100010110011
00000000000000000000110000010011
11111101100010001000101011100011
00000101010000000000000010010011
00000000100000000000000001101111
00000100011000000000000010010011
