00000010101100000000001100010011
00001010011000000000100110010011
00001000010000000000011000010011
00000001001100110110010001100011
00000001001100110111111001100011
00000100111001100000111100010011
00001001111101100111010100010011
00000001111001010000010100110011
00000000010001010101010100010011
00000001010100000000000100010011
00000010001001010001001001100011
00000100011001100110111100010011
00000000100101100100010100010011
00000001111001010000010100110011
01000000001001010101010100010011
00000101010000000000000100010011
00000000001001010001011001100011
00000101010000000000000010010011
00000000100000000000000001101111
00000100011000000000000010010011
