00000000010000000000110100010011
00000000000000000000101100010011
00000000000000000000010100010011
00000000100000000000011110010011
00000011000000000000111000010011
00000011000000000000000100010011
00000100000000000000010110010011
00000000000000000000010000010011
00000101110001111001010000100011
00000100001001111001011000100011
00000100101101111001100000100011
00000100100001111001101000100011
00000000001001010001111110010011
00000000111111111000001100110011
00000100100000110001011100000011
00000000111010110000101100110011
00000000000101010000010100010011
00000001101001010000010001100011
11111110100111111111000001101111
00001010000000000000101110010011
00000001011010111001011001100011
00000101010000000000000010010011
00000000100000000000000001101111
00000100011000000000000010010011
