00000000010000000000000010010011
00000000000000000000100110110011
00000000000000000000010000110011
00000011010000000000010010010011
00000000001000000000010100010011
00000000010000000000010110010011
00000001000000000000111000010011
00000011110000000000110000010011
00000001000000000000001000010011
00000100101101001001001000100011
00000101110001001001010000100011
00000101100001001001011000100011
00000100010001001001100000100011
00000000101001000001100100110011
00000000100110010000110100110011
00000100010011010101111010000011
00000001110110011000100110110011
00000000000101000000010000010011
00000000000101000000010001100011
11111110100111111111000001101111
00000110000000000000011100010011
00000001001101110001011001100011
00000101010000000000000010010011
00000000100000000000000001101111
00000100011000000000000010010011
