00000000000000000110100110110111
00000000000000000101101100110111
00000000000000000010010010110111
00000000000000000110010100110111
00000000010110011000111000100011
00000000110010110000111000100011
00000001101001001000111000100011
00000001000101010000111000100011
00000001110001010000100000000011
00000001110001001000010000000011
00000001110010110000011110000011
00000001110010011000001000000011
00000000010100100001110001100011
00000000110001111001101001100011
00000001101001000001100001100011
00000001000110000001011001100011
00000101010000000000000010010011
00000000100000000000000001101111
00000100011000000000000010010011
