00000000000000000110100010110111
00000000000000000001110000110111
00000000000000000110110100110111
00000000000000000010101010110111
00000000000000000000111000110111
00000000000000000101111110110111
00000000000000000100001110110111
00000000000000001001110010110111
00000000110010001010000000100011
00000001111011000010001000100011
00000000100111010010010000100011
00000001001110101010011000100011
00000000100011100010100000100011
00000001011111111010101000100011
00000000001100111010110000100011
00000001101111001010111000100011
00000001110011001010011100000011
00000001100000111010100100000011
00000001010011111010111010000011
00000001000011100010010100000011
00000000110010101010011010000011
00000000100011010010010110000011
00000000010011000010001010000011
00000000000010001010100000000011
00000010110010000001010001100011
00000011111000101001001001100011
00000010100101011001000001100011
00000001001101101001111001100011
00000000100001010001110001100011
00000001011111101001101001100011
00000000001110010001100001100011
00000001101101110001011001100011
00000101010000000000000010010011
00000000100000000000000001101111
00000100011000000000000010010011
