00000000010000000000101100010011
00000000000000000000110100110011
00000000000000000000111010110011
00000011110000000000100100010011
00000011000000000000010000010011
00000100010000000000000010010011
00000010000000000000001000010011
00000000000000000000110010010011
00000000100010010000101000100011
00000000000110010000110000100011
00000000010010010000111000100011
00000011100110010000000000100011
00000000001011101001111110010011
00000001001011111000101110110011
00000001010010111000011100000011
00000000111011010000110100110011
00000000000111101000111010010011
00000001011011101000010001100011
11111110100111111111000001101111
00001001010000000000100000010011
00000001101010000001011001100011
00000101010000000000000010010011
00000000100000000000000001101111
00000100011000000000000010010011
