00000000010000000000101110010011
00000000000000000000101100110011
00000000000000000000000100110011
00000001010000000000011100010011
00000000001000000000101000010011
00000011010000000000001110010011
00000001110000000000001000010011
00000011110000000000100100010011
00000000110000000000010000010011
00000000011101110001000000100011
00000000010001110001001000100011
00000001001001110001010000100011
00000000100001110001011000100011
00000001010000010001000010110011
00000000111000001000100110110011
00000000000010011101010100000011
00000000101010110000101100110011
00000000000100010000000100010011
00000001011100010000010001100011
11111110100111111111000001101111
00001001100000000000111000010011
00000001011011100001011001100011
00000101010000000000000010010011
00000000100000000000000001101111
00000100011000000000000010010011
