00000000010000000000011010010011
00000000000000000000001000110011
00000000000000000000000110110011
00000010110000000000010110010011
00000001100000000000100100010011
00000011110000000000110100010011
00000000010000000000000010010011
00000001100000000000111000010011
00000011001001011000100000100011
00000011101001011000101000100011
00000010000101011000110000100011
00000011110001011000111000100011
00000000001000011001011100010011
00000000101101110000010100110011
00000011000001010000011000000011
00000000110000100000001000110011
00000000000100011000000110010011
00000000110100011000010001100011
11111110100111111111000001101111
00000111000000000000111010010011
00000000010011101001011001100011
00000101010000000000000010010011
00000000100000000000000001101111
00000100011000000000000010010011
