00000001010000000000100010010011
00001011010000000000101100010011
00000010101000000000000100010011
00000001011010001110010001100011
00000001011010001111111001100011
00001000111100010000100110010011
00000111010100010111000110010011
00000001001100011000000110110011
00000000000100011101000110010011
00000110110000000000101110010011
00000011011100011001001001100011
00001000000000010110100110010011
00000110111000010100000110010011
00000001001100011000000110110011
01000000001000011101000110010011
00000011101100000000101110010011
00000001011100011001011001100011
00000101010000000000000010010011
00000000100000000000000001101111
00000100011000000000000010010011
