00001011100100000000011010010011
00000101011000000000010110010011
00000010011100000000010010010011
00001100011100000000111110010011
00000000010000000000001010010011
00000000101101101100010001100011
00000000101101101101111001100011
01000001111101001000110000110011
00000001111101001111100010110011
00000001100010001000100010110011
00000000010110001101100010110011
11111111011000000000111000010011
00000011110010001001001001100011
00000001111101001110110000110011
00000001111101001100100010110011
00000001100010001000100010110011
01000000010110001101100010110011
00000001110000000000111000010011
00000001110010001001011001100011
00000101010000000000000010010011
00000000100000000000000001101111
00000100011000000000000010010011
