00000000010000000000010010010011
00000000000000000000100110110011
00000000000000000000101110110011
00000011010000000000101100010011
00000000001000000000111000010011
00000000110000000000111110010011
00000100110000000000110010010011
00000100000000000000001100010011
00000010110000000000000110010011
00000011111110110001011000100011
00000011100110110001100000100011
00000010011010110001101000100011
00000010001110110001110000100011
00000001110010111001111100110011
00000001011011110000000010110011
00000010110000001101100010000011
00000001000110011000100110110011
00000000000110111000101110010011
00000000100110111000010001100011
11111110100111111111000001101111
00001100010000000000010100010011
00000001001101010001011001100011
00000101010000000000000010010011
00000000100000000000000001101111
00000100011000000000000010010011
