00001010101100000000010110010011
00001100000100000000110110010011
00000001101101011010110100110011
00000001101101011110010001100011
00000001101101011111111001100011
00000010111001011110100110010011
01000000101111011000010100110011
01000000010001010101010100010011
00000000000001010111010100110011
00000000000000000000011110010011
00000000111101010000111001100011
00000110001001011110100110010011
01000000101111011000010100110011
01000000001101010101010100010011
00000000000001010111010100110011
00000000000000000000011110010011
00000000111101010000001001100011
00000101010000000000000010010011
00000000100000000000000001101111
00000100011000000000000010010011
