00000000010000000000100000010011
00000000000000000000001010110011
00000000000000000000101110110011
00000011000000000000011110010011
00000001000000000000010000010011
00000010010000000000010010010011
00000000100000000000011010010011
00000011100000000000111110010011
00000100100001111000011000100011
00000100100101111000100000100011
00000100110101111000101000100011
00000101111101111000110000100011
00000000001010111001101000010011
00000000111110100000111010110011
00000100110011101000110010000011
00000001100100101000001010110011
00000000000110111000101110010011
00000001000010111000010001100011
11111110100111111111000001101111
00000111010000000000010110010011
00000000010101011001011001100011
00000101010000000000000010010011
00000000100000000000000001101111
00000100011000000000000010010011
