00000000010000000000111010010011
00000000000000000000101100010011
00000000000000000000000100010011
00000100100000000000111000010011
00000001110000000000101010010011
00000001110000000000001110010011
00000000110000000000010000010011
00000010110000000000110100010011
00000011010111100001011000100011
00000010011111100001100000100011
00000010100011100001101000100011
00000011101011100001110000100011
00000000001000010001101000010011
00000001110010100000101110110011
00000010110010111001110010000011
00000001100110110000101100110011
00000000000100010000000100010011
00000001110100010000010001100011
11111110100111111111000001101111
00000111000000000000110000010011
00000001011011000001011001100011
00000101010000000000000010010011
00000000100000000000000001101111
00000100011000000000000010010011
