00000000010000000000000010010011
00000000000000000000101010110011
00000000000000000000101110110011
00000011010000000000111010010011
00000000001000000000010000010011
00000001000000000000100110010011
00000001000000000000001110010011
00000100010000000000100000010011
00000001000000000000110100010011
00000011001111101001100000100011
00000010011111101001101000100011
00000011000011101001110000100011
00000011101011101001111000100011
00000000100010111001101000110011
00000001110110100000111100110011
00000011000011110101111000000011
00000001110010101000101010110011
00000000000110111000101110010011
00000000000110111000010001100011
11111110100111111111000001101111
00000111010000000000100100010011
00000001010110010001011001100011
00000101010000000000000010010011
00000000100000000000000001101111
00000100011000000000000010010011
