00000110001100000000000110010011
00000101101100000000001100010011
00001010010100000000111000010011
00000000011000011110010001100011
00000000011000011111111001100011
00000110100111100000010010010011
00001011100011100111111010010011
00000000100111101000111010110011
00000000000111101101111010010011
00001101011100000000010000010011
00000010100011101001001001100011
00000000011011100110010010010011
00000010000011100100111010010011
00000000100111101000111010110011
01000000000111101101111010010011
00001001011000000000010000010011
00000000100011101001011001100011
00000101010000000000000010010011
00000000100000000000000001101111
00000100011000000000000010010011
