00000111100100000000110010010011
00000001011000000000100110010011
00000100000100000000011000010011
00000001100100000000100000010011
00000000000000000000000110010011
00000001001111001100010001100011
00000001001111001101111001100011
01000001000001100000111000110011
00000001000001100111100100110011
00000011000010010010100100010011
00000000001110010101100100110011
00000010100100000000101100010011
00000011011010010001001001100011
00000001000001100110111000110011
00000001000001100100100100110011
00001000111010010011100100010011
01000000001110010101100100110011
00001011000100000000101100010011
00000001011010010001011001100011
00000101010000000000000010010011
00000000100000000000000001101111
00000100011000000000000010010011
