00000000010000000000001100010011
00000000000000000000111010110011
00000000000000000000110110110011
00000000000000000000011010010011
00000010100000000000110100010011
00000001110000000000101110010011
00000011010000000000010100010011
00000100100000000000011100010011
00000001101001101000010000100011
00000001011101101000011000100011
00000000101001101000100000100011
00000000111001101000101000100011
00000000001011011001110010010011
00000000110111001000001010110011
00000000100000101000101000000011
00000001010011101000111010110011
00000000000111011000110110010011
00000000011011011000010001100011
11111110100111111111000001101111
00001100000000000000000110010011
00000001110100011001011001100011
00000101010000000000000010010011
00000000100000000000000001101111
00000100011000000000000010010011
