00000010001000000000111000010011
10000000000000000000101110010011
00011010000011100010001010010011
00000001011111100110010001100011
00000001011111100111111001100011
00000000101011100110110010010011
01000001110010111000111010110011
01000000000111101101111010010011
00000000000011101111111010110011
00000000000000000000010000010011
00000000100011101000111001100011
00000000101011100110110010010011
01000001110010111000111010110011
01000000010011101101111010010011
00000000000011101111111010110011
00000000000000000000010000010011
00000000100011101000001001100011
00000101010000000000000010010011
00000000100000000000000001101111
00000100011000000000000010010011
